00000000100000000000000
00000000111111110111110
11111111100000001000010
00000000011111111011111
11111111000000001000010
00000000011111111011111
00000000100000000000000
00000000111110101110000
11111111100001010001000
00000000000000000000011
00000000000000000000110
00000000000000000000011
00000000100000000000000
00000000111110101110000
11111111100001010001000
00000000100000000000000
11111111000000000000000
00000000100000000000000
00000000100000000000000
00000000100001000111101
11111111110100001110110
00000000000010101010010
00000000000101010100100
00000000000010101010010
00000000100000000000000
00000000100001000111101
11111111110100001110110
00000000010011001110001
11111111011001100100011
00000000010011001110001
00000000100000000000000
11111111001101000101110
11111111101010110100111
00000000011010000001011
00000000110100000010000
00000000011010000001011
