0000000000000000000000000
0000000000000000001000001
0000000000000000010000011
0000000000000000011000100
0000000000000000100000110
0000000000000000101000111
0000000000000000110001001
0000000000000000111001010
0000000000000001000001100
0000000000000001001001101
0000000000000001010001111
0000000000000001011010000
0000000000000001100010010
0000000000000001101010011
0000000000000001110010101
0000000000000001111010111
0000000000000010000011000
0000000000000010001011010
0000000000000010010011011
0000000000000010011011101
0000000000000010100011110
0000000000000010101100000
0000000000000010110100001
0000000000000010111100011
0000000000000011000100100
0000000000000011001100110
0000000000000011010100111
0000000000000011011101001
0000000000000011100101011
0000000000000011101101100
0000000000000011110101110
0000000000000011111101111
0000000000000100000110001
0000000000000100001110010
0000000000000100010110100
0000000000000100011110101
0000000000000100100110111
0000000000000100101111000
0000000000000100110111010
0000000000000100111111011
0000000000000101000111101
0000000000000101001111110
0000000000000101011000000
0000000000000101100000010
0000000000000101101000011
0000000000000101110000101
0000000000000101111000110
0000000000000110000001000
0000000000000110001001001
0000000000000110010001011
0000000000000110011001100
0000000000000110100001110
0000000000000110101001111
0000000000000110110010001
0000000000000110111010010
0000000000000111000010100
0000000000000111001010110
0000000000000111010010111
0000000000000111011011001
0000000000000111100011010
0000000000000111101011100
0000000000000111110011101
0000000000000111111011111
0000000000001000000100000
0000000000001000001100010
0000000000001000010100011
0000000000001000011100101
0000000000001000100100110
0000000000001000101101000
0000000000001000110101001
0000000000001000111101011
0000000000001001000101101
0000000000001001001101110
0000000000001001010110000
0000000000001001011110001
0000000000001001100110011
0000000000001001101110100
0000000000001001110110110
0000000000001001111110111
0000000000001010000111001
0000000000001010001111010
0000000000001010010111100
0000000000001010011111101
0000000000001010100111111
0000000000001010110000001
0000000000001010111000010
0000000000001011000000100
0000000000001011001000101
0000000000001011010000111
0000000000001011011001000
0000000000001011100001010
0000000000001011101001011
0000000000001011110001101
0000000000001011111001110
0000000000001100000010000
0000000000001100001010001
0000000000001100010010011
0000000000001100011010100
0000000000001100100010110
0000000000001100101011000
0000000000001100110011001
0000000000001100111011011
0000000000001101000011100
0000000000001101001011110
0000000000001101010011111
0000000000001101011100001
0000000000001101100100010
0000000000001101101100100
0000000000001101110100101
0000000000001101111100111
0000000000001110000101000
0000000000001110001101010
0000000000001110010101100
0000000000001110011101101
0000000000001110100101111
0000000000001110101110000
0000000000001110110110010
0000000000001110111110011
0000000000001111000110101
0000000000001111001110110
0000000000001111010111000
0000000000001111011111001
0000000000001111100111011
0000000000001111101111100
0000000000001111110111110
0000000000010000000000000
0000000000010000001000001
0000000000010000010000011
0000000000010000011000100
0000000000010000100000110
0000000000010000101000111
0000000000010000110001001
0000000000010000111001010
0000000000010001000001100
0000000000010001001001101
0000000000010001010001111
0000000000010001011010000
0000000000010001100010010
0000000000010001101010011
0000000000010001110010101
0000000000010001111010111
0000000000010010000011000
0000000000010010001011010
0000000000010010010011011
0000000000010010011011101
0000000000010010100011110
0000000000010010101100000
0000000000010010110100001
0000000000010010111100011
0000000000010011000100100
0000000000010011001100110
0000000000010011010100111
0000000000010011011101001
0000000000010011100101011
0000000000010011101101100
0000000000010011110101110
0000000000010011111101111
0000000000010100000110001
0000000000010100001110010
0000000000010100010110100
0000000000010100011110101
0000000000010100100110111
0000000000010100101111000
0000000000010100110111010
0000000000010100111111011
0000000000010101000111101
0000000000010101001111110
0000000000010101011000000
0000000000010101100000010
0000000000010101101000011
0000000000010101110000101
0000000000010101111000110
0000000000010110000001000
0000000000010110001001001
0000000000010110010001011
0000000000010110011001100
0000000000010110100001110
0000000000010110101001111
0000000000010110110010001
0000000000010110111010010
0000000000010111000010100
0000000000010111001010110
0000000000010111010010111
0000000000010111011011001
0000000000010111100011010
0000000000010111101011100
0000000000010111110011101
0000000000010111111011111
0000000000011000000100000
0000000000011000001100010
0000000000011000010100011
0000000000011000011100101
0000000000011000100100110
0000000000011000101101000
0000000000011000110101001
0000000000011000111101011
0000000000011001000101101
0000000000011001001101110
0000000000011001010110000
0000000000011001011110001
0000000000011001100110011
0000000000011001101110100
0000000000011001110110110
0000000000011001111110111
0000000000011010000111001
0000000000011010001111010
0000000000011010010111100
0000000000011010011111101
0000000000011010100111111
0000000000011010110000001
0000000000011010111000010
0000000000011011000000100
0000000000011011001000101
0000000000011011010000111
0000000000011011011001000
0000000000011011100001010
0000000000011011101001011
0000000000011011110001101
0000000000011011111001110
0000000000011100000010000
0000000000011100001010001
0000000000011100010010011
0000000000011100011010100
0000000000011100100010110
0000000000011100101011000
0000000000011100110011001
0000000000011100111011011
0000000000011101000011100
0000000000011101001011110
0000000000011101010011111
0000000000011101011100001
0000000000011101100100010
0000000000011101101100100
0000000000011101110100101
0000000000011101111100111
0000000000011110000101000
0000000000011110001101010
0000000000011110010101100
0000000000011110011101101
0000000000011110100101111
0000000000011110101110000
0000000000011110110110010
0000000000011110111110011
0000000000011111000110101
0000000000011111001110110
0000000000011111010111000
0000000000011111011111001
0000000000011111100111011
0000000000011111101111100
0000000000011111110111110
0000000000100000000000000
0000000000100000001000001
0000000000100000010000011
0000000000100000011000100
0000000000100000100000110
0000000000100000101000111
0000000000100000110001001
0000000000100000111001010
0000000000100001000001100
0000000000100001001001101
0000000000100001010001111
0000000000100001011010000
0000000000100001100010010
0000000000100001101010011
0000000000100001110010101
0000000000100001111010111
0000000000100010000011000
0000000000100010001011010
0000000000100010010011011
0000000000100010011011101
0000000000100010100011110
0000000000100010101100000
0000000000100010110100001
0000000000100010111100011
0000000000100011000100100
0000000000100011001100110
0000000000100011010100111
0000000000100011011101001
0000000000100011100101011
0000000000100011101101100
0000000000100011110101110
0000000000100011111101111
0000000000100100000110001
0000000000100100001110010
0000000000100100010110100
0000000000100100011110101
0000000000100100100110111
0000000000100100101111000
0000000000100100110111010
0000000000100100111111011
0000000000100101000111101
0000000000100101001111110
0000000000100101011000000
0000000000100101100000010
0000000000100101101000011
0000000000100101110000101
0000000000100101111000110
0000000000100110000001000
0000000000100110001001001
0000000000100110010001011
0000000000100110011001100
0000000000100110100001110
0000000000100110101001111
0000000000100110110010001
0000000000100110111010010
0000000000100111000010100
0000000000100111001010110
0000000000100111010010111
0000000000100111011011001
0000000000100111100011010
0000000000100111101011100
0000000000100111110011101
0000000000100111111011111
0000000000101000000100000
0000000000101000001100010
0000000000101000010100011
0000000000101000011100101
0000000000101000100100110
0000000000101000101101000
0000000000101000110101001
0000000000101000111101011
0000000000101001000101101
0000000000101001001101110
0000000000101001010110000
0000000000101001011110001
0000000000101001100110011
0000000000101001101110100
0000000000101001110110110
0000000000101001111110111
0000000000101010000111001
0000000000101010001111010
0000000000101010010111100
0000000000101010011111101
0000000000101010100111111
0000000000101010110000001
0000000000101010111000010
0000000000101011000000100
0000000000101011001000101
0000000000101011010000111
0000000000101011011001000
0000000000101011100001010
0000000000101011101001011
0000000000101011110001101
0000000000101011111001110
0000000000101100000010000
0000000000101100001010001
0000000000101100010010011
0000000000101100011010100
0000000000101100100010110
0000000000101100101011000
0000000000101100110011001
0000000000101100111011011
0000000000101101000011100
0000000000101101001011110
0000000000101101010011111
0000000000101101011100001
0000000000101101100100010
0000000000101101101100100
0000000000101101110100101
0000000000101101111100111
0000000000101110000101000
0000000000101110001101010
0000000000101110010101100
0000000000101110011101101
0000000000101110100101111
0000000000101110101110000
0000000000101110110110010
0000000000101110111110011
0000000000101111000110101
0000000000101111001110110
0000000000101111010111000
0000000000101111011111001
0000000000101111100111011
0000000000101111101111100
0000000000101111110111110
0000000000110000000000000
0000000000110000001000001
0000000000110000010000011
0000000000110000011000100
0000000000110000100000110
0000000000110000101000111
0000000000110000110001001
0000000000110000111001010
0000000000110001000001100
0000000000110001001001101
0000000000110001010001111
0000000000110001011010000
0000000000110001100010010
0000000000110001101010011
0000000000110001110010101
0000000000110001111010111
0000000000110010000011000
0000000000110010001011010
0000000000110010010011011
0000000000110010011011101
0000000000110010100011110
0000000000110010101100000
0000000000110010110100001
0000000000110010111100011
0000000000110011000100100
0000000000110011001100110
0000000000110011010100111
0000000000110011011101001
0000000000110011100101011
0000000000110011101101100
0000000000110011110101110
0000000000110011111101111
0000000000110100000110001
0000000000110100001110010
0000000000110100010110100
0000000000110100011110101
0000000000110100100110111
0000000000110100101111000
0000000000110100110111010
0000000000110100111111011
0000000000110101000111101
0000000000110101001111110
0000000000110101011000000
0000000000110101100000010
0000000000110101101000011
0000000000110101110000101
0000000000110101111000110
0000000000110110000001000
0000000000110110001001001
0000000000110110010001011
0000000000110110011001100
0000000000110110100001110
0000000000110110101001111
0000000000110110110010001
0000000000110110111010010
0000000000110111000010100
0000000000110111001010110
0000000000110111010010111
0000000000110111011011001
0000000000110111100011010
0000000000110111101011100
0000000000110111110011101
0000000000110111111011111
0000000000111000000100000
0000000000111000001100010
0000000000111000010100011
0000000000111000011100101
0000000000111000100100110
0000000000111000101101000
0000000000111000110101001
0000000000111000111101011
0000000000111001000101101
0000000000111001001101110
0000000000111001010110000
0000000000111001011110001
0000000000111001100110011
0000000000111001101110100
0000000000111001110110110
0000000000111001111110111
0000000000111010000111001
0000000000111010001111010
0000000000111010010111100
0000000000111010011111101
0000000000111010100111111
0000000000111010110000001
0000000000111010111000010
0000000000111011000000100
0000000000111011001000101
0000000000111011010000111
0000000000111011011001000
0000000000111011100001010
0000000000111011101001011
0000000000111011110001101
0000000000111011111001110
0000000000111100000010000
0000000000111100001010001
0000000000111100010010011
0000000000111100011010100
0000000000111100100010110
0000000000111100101011000
0000000000111100110011001
0000000000111100111011011
0000000000111101000011100
0000000000111101001011110
0000000000111101010011111
0000000000111101011100001
0000000000111101100100010
0000000000111101101100100
0000000000111101110100101
0000000000111101111100111
0000000000111110000101000
0000000000111110001101010
0000000000111110010101100
0000000000111110011101101
0000000000111110100101111
0000000000111110101110000
0000000000111110110110010
0000000000111110111110011
0000000000111111000110101
0000000000111111001110110
0000000000111111010111000
0000000000111111011111001
0000000000111111100111011
0000000000111111101111100
0000000000111111110111110
0000000001000000000000000
0000000001000000001000001
0000000001000000010000011
0000000001000000011000100
0000000001000000100000110
0000000001000000101000111
0000000001000000110001001
0000000001000000111001010
0000000001000001000001100
0000000001000001001001101
0000000001000001010001111
0000000001000001011010000
0000000001000001100010010
0000000001000001101010011
0000000001000001110010101
0000000001000001111010111
0000000001000010000011000
0000000001000010001011010
0000000001000010010011011
0000000001000010011011101
0000000001000010100011110
0000000001000010101100000
0000000001000010110100001
0000000001000010111100011
0000000001000011000100100
0000000001000011001100110
0000000001000011010100111
0000000001000011011101001
0000000001000011100101011
0000000001000011101101100
0000000001000011110101110
0000000001000011111101111
0000000001000100000110001
0000000001000100001110010
0000000001000100010110100
0000000001000100011110101
0000000001000100100110111
0000000001000100101111000
0000000001000100110111010
0000000001000100111111011
0000000001000101000111101
0000000001000101001111110
0000000001000101011000000
0000000001000101100000010
0000000001000101101000011
0000000001000101110000101
0000000001000101111000110
0000000001000110000001000
0000000001000110001001001
0000000001000110010001011
0000000001000110011001100
0000000001000110100001110
0000000001000110101001111
0000000001000110110010001
0000000001000110111010010
0000000001000111000010100
0000000001000111001010110
0000000001000111010010111
0000000001000111011011001
0000000001000111100011010
0000000001000111101011100
0000000001000111110011101
0000000001000111111011111
0000000001001000000100000
0000000001001000001100010
0000000001001000010100011
0000000001001000011100101
0000000001001000100100110
0000000001001000101101000
0000000001001000110101001
0000000001001000111101011
0000000001001001000101101
0000000001001001001101110
0000000001001001010110000
0000000001001001011110001
0000000001001001100110011
0000000001001001101110100
0000000001001001110110110
0000000001001001111110111
0000000001001010000111001
0000000001001010001111010
0000000001001010010111100
0000000001001010011111101
0000000001001010100111111
0000000001001010110000001
0000000001001010111000010
0000000001001011000000100
0000000001001011001000101
0000000001001011010000111
0000000001001011011001000
0000000001001011100001010
0000000001001011101001011
0000000001001011110001101
0000000001001011111001110
0000000001001100000010000
0000000001001100001010001
0000000001001100010010011
0000000001001100011010100
0000000001001100100010110
0000000001001100101011000
0000000001001100110011001
0000000001001100111011011
0000000001001101000011100
0000000001001101001011110
0000000001001101010011111
0000000001001101011100001
0000000001001101100100010
0000000001001101101100100
0000000001001101110100101
0000000001001101111100111
0000000001001110000101000
0000000001001110001101010
0000000001001110010101100
0000000001001110011101101
0000000001001110100101111
0000000001001110101110000
0000000001001110110110010
0000000001001110111110011
0000000001001111000110101
0000000001001111001110110
0000000001001111010111000
0000000001001111011111001
0000000001001111100111011
0000000001001111101111100
0000000001001111110111110
0000000001010000000000000
0000000001010000001000001
0000000001010000010000011
0000000001010000011000100
0000000001010000100000110
0000000001010000101000111
0000000001010000110001001
0000000001010000111001010
0000000001010001000001100
0000000001010001001001101
0000000001010001010001111
0000000001010001011010000
0000000001010001100010010
0000000001010001101010011
0000000001010001110010101
0000000001010001111010111
0000000001010010000011000
0000000001010010001011010
0000000001010010010011011
0000000001010010011011101
0000000001010010100011110
0000000001010010101100000
0000000001010010110100001
0000000001010010111100011
0000000001010011000100100
0000000001010011001100110
0000000001010011010100111
0000000001010011011101001
0000000001010011100101011
0000000001010011101101100
0000000001010011110101110
0000000001010011111101111
0000000001010100000110001
0000000001010100001110010
0000000001010100010110100
0000000001010100011110101
0000000001010100100110111
0000000001010100101111000
0000000001010100110111010
0000000001010100111111011
0000000001010101000111101
0000000001010101001111110
0000000001010101011000000
0000000001010101100000010
0000000001010101101000011
0000000001010101110000101
0000000001010101111000110
0000000001010110000001000
0000000001010110001001001
0000000001010110010001011
0000000001010110011001100
0000000001010110100001110
0000000001010110101001111
0000000001010110110010001
0000000001010110111010010
0000000001010111000010100
0000000001010111001010110
0000000001010111010010111
0000000001010111011011001
0000000001010111100011010
0000000001010111101011100
0000000001010111110011101
0000000001010111111011111
0000000001011000000100000
0000000001011000001100010
0000000001011000010100011
0000000001011000011100101
0000000001011000100100110
0000000001011000101101000
0000000001011000110101001
0000000001011000111101011
0000000001011001000101101
0000000001011001001101110
0000000001011001010110000
0000000001011001011110001
0000000001011001100110011
0000000001011001101110100
0000000001011001110110110
0000000001011001111110111
0000000001011010000111001
0000000001011010001111010
0000000001011010010111100
0000000001011010011111101
0000000001011010100111111
0000000001011010110000001
0000000001011010111000010
0000000001011011000000100
0000000001011011001000101
0000000001011011010000111
0000000001011011011001000
0000000001011011100001010
0000000001011011101001011
0000000001011011110001101
0000000001011011111001110
0000000001011100000010000
0000000001011100001010001
0000000001011100010010011
0000000001011100011010100
0000000001011100100010110
0000000001011100101011000
0000000001011100110011001
0000000001011100111011011
0000000001011101000011100
0000000001011101001011110
0000000001011101010011111
0000000001011101011100001
0000000001011101100100010
0000000001011101101100100
0000000001011101110100101
0000000001011101111100111
0000000001011110000101000
0000000001011110001101010
0000000001011110010101100
0000000001011110011101101
0000000001011110100101111
0000000001011110101110000
0000000001011110110110010
0000000001011110111110011
0000000001011111000110101
0000000001011111001110110
0000000001011111010111000
0000000001011111011111001
0000000001011111100111011
0000000001011111101111100
0000000001011111110111110
0000000001100000000000000
0000000001100000001000001
0000000001100000010000011
0000000001100000011000100
0000000001100000100000110
0000000001100000101000111
0000000001100000110001001
0000000001100000111001010
0000000001100001000001100
0000000001100001001001101
0000000001100001010001111
0000000001100001011010000
0000000001100001100010010
0000000001100001101010011
0000000001100001110010101
0000000001100001111010111
0000000001100010000011000
0000000001100010001011010
0000000001100010010011011
0000000001100010011011101
0000000001100010100011110
0000000001100010101100000
0000000001100010110100001
0000000001100010111100011
0000000001100011000100100
0000000001100011001100110
0000000001100011010100111
0000000001100011011101001
0000000001100011100101011
0000000001100011101101100
0000000001100011110101110
0000000001100011111101111
0000000001100100000110001
0000000001100100001110010
0000000001100100010110100
0000000001100100011110101
0000000001100100100110111
0000000001100100101111000
0000000001100100110111010
0000000001100100111111011
0000000001100101000111101
0000000001100101001111110
0000000001100101011000000
0000000001100101100000010
0000000001100101101000011
0000000001100101110000101
0000000001100101111000110
0000000001100110000001000
0000000001100110001001001
0000000001100110010001011
0000000001100110011001100
0000000001100110100001110
0000000001100110101001111
0000000001100110110010001
0000000001100110111010010
0000000001100111000010100
0000000001100111001010110
0000000001100111010010111
0000000001100111011011001
0000000001100111100011010
0000000001100111101011100
0000000001100111110011101
0000000001100111111011111
0000000001101000000100000
0000000001101000001100010
0000000001101000010100011
0000000001101000011100101
0000000001101000100100110
0000000001101000101101000
0000000001101000110101001
0000000001101000111101011
0000000001101001000101101
0000000001101001001101110
0000000001101001010110000
0000000001101001011110001
0000000001101001100110011
0000000001101001101110100
0000000001101001110110110
0000000001101001111110111
0000000001101010000111001
0000000001101010001111010
0000000001101010010111100
0000000001101010011111101
0000000001101010100111111
0000000001101010110000001
0000000001101010111000010
0000000001101011000000100
0000000001101011001000101
0000000001101011010000111
0000000001101011011001000
0000000001101011100001010
0000000001101011101001011
0000000001101011110001101
0000000001101011111001110
0000000001101100000010000
0000000001101100001010001
0000000001101100010010011
0000000001101100011010100
0000000001101100100010110
0000000001101100101011000
0000000001101100110011001
0000000001101100111011011
0000000001101101000011100
0000000001101101001011110
0000000001101101010011111
0000000001101101011100001
0000000001101101100100010
0000000001101101101100100
0000000001101101110100101
0000000001101101111100111
0000000001101110000101000
0000000001101110001101010
0000000001101110010101100
0000000001101110011101101
0000000001101110100101111
0000000001101110101110000
0000000001101110110110010
0000000001101110111110011
0000000001101111000110101
0000000001101111001110110
0000000001101111010111000
0000000001101111011111001
0000000001101111100111011
0000000001101111101111100
0000000001101111110111110
0000000001110000000000000
0000000001110000001000001
0000000001110000010000011
0000000001110000011000100
0000000001110000100000110
0000000001110000101000111
0000000001110000110001001
0000000001110000111001010
0000000001110001000001100
0000000001110001001001101
0000000001110001010001111
0000000001110001011010000
0000000001110001100010010
0000000001110001101010011
0000000001110001110010101
0000000001110001111010111
0000000001110010000011000
0000000001110010001011010
0000000001110010010011011
0000000001110010011011101
0000000001110010100011110
0000000001110010101100000
0000000001110010110100001
0000000001110010111100011
0000000001110011000100100
0000000001110011001100110
0000000001110011010100111
0000000001110011011101001
0000000001110011100101011
0000000001110011101101100
0000000001110011110101110
0000000001110011111101111
0000000001110100000110001
0000000001110100001110010
0000000001110100010110100
0000000001110100011110101
0000000001110100100110111
0000000001110100101111000
0000000001110100110111010
0000000001110100111111011
0000000001110101000111101
0000000001110101001111110
0000000001110101011000000
0000000001110101100000010
0000000001110101101000011
0000000001110101110000101
0000000001110101111000110
0000000001110110000001000
0000000001110110001001001
0000000001110110010001011
0000000001110110011001100
0000000001110110100001110
0000000001110110101001111
0000000001110110110010001
0000000001110110111010010
0000000001110111000010100
0000000001110111001010110
0000000001110111010010111
0000000001110111011011001
0000000001110111100011010
0000000001110111101011100
0000000001110111110011101
0000000001110111111011111
0000000001111000000100000
0000000001111000001100010
0000000001111000010100011
0000000001111000011100101
0000000001111000100100110
0000000001111000101101000
0000000001111000110101001
0000000001111000111101011
0000000001111001000101101
0000000001111001001101110
0000000001111001010110000
0000000001111001011110001
0000000001111001100110011
0000000001111001101110100
0000000001111001110110110
0000000001111001111110111
0000000001111010000111001
0000000001111010001111010
0000000001111010010111100
0000000001111010011111101
0000000001111010100111111
0000000001111010110000001
0000000001111010111000010
0000000001111011000000100
0000000001111011001000101
0000000001111011010000111
0000000001111011011001000
0000000001111011100001010
0000000001111011101001011
0000000001111011110001101
0000000001111011111001110
0000000001111100000010000
0000000001111100001010001
0000000001111100010010011
0000000001111100011010100
0000000001111100100010110
0000000001111100101011000
0000000001111100110011001
0000000001111100111011011
0000000001111101000011100
0000000001111101001011110
0000000001111101010011111
0000000001111101011100001
0000000001111101100100010
0000000001111101101100100
0000000001111101110100101
0000000001111101111100111
0000000001111110000101000
0000000001111110001101010
0000000001111110010101100
0000000001111110011101101
0000000001111110100101111
0000000001111110101110000
0000000001111110110110010
0000000001111110111110011
0000000001111111000110101
0000000001111111001110110
0000000001111111010111000
0000000001111111011111001
0000000001111111100111011
0000000001111111101111100
0000000001111111110111110
0000000010000000000000000
0000000010000000001000001
0000000010000000010000011
0000000010000000011000100
0000000010000000100000110
0000000010000000101000111
0000000010000000110001001
0000000010000000111001010
0000000010000001000001100
0000000010000001001001101
0000000010000001010001111
0000000010000001011010000
0000000010000001100010010
0000000010000001101010011
0000000010000001110010101
0000000010000001111010111
0000000010000010000011000
0000000010000010001011010
0000000010000010010011011
0000000010000010011011101
0000000010000010100011110
0000000010000010101100000
0000000010000010110100001
0000000010000010111100011
0000000010000011000100100
0000000010000011001100110
0000000010000011010100111
0000000010000011011101001
0000000010000011100101011
0000000010000011101101100
0000000010000011110101110
0000000010000011111101111
0000000010000100000110001
0000000010000100001110010
0000000010000100010110100
0000000010000100011110101
0000000010000100100110111
0000000010000100101111000
0000000010000100110111010
0000000010000100111111011
0000000010000101000111101
0000000010000101001111110
0000000010000101011000000
0000000010000101100000010
0000000010000101101000011
0000000010000101110000101
0000000010000101111000110
0000000010000110000001000
0000000010000110001001001
0000000010000110010001011
0000000010000110011001100
0000000010000110100001110
0000000010000110101001111
0000000010000110110010001
0000000010000110111010010
0000000010000111000010100
0000000010000111001010110
0000000010000111010010111
0000000010000111011011001
0000000010000111100011010
0000000010000111101011100
0000000010000111110011101
0000000010000111111011111
0000000010001000000100000
0000000010001000001100010
0000000010001000010100011
0000000010001000011100101
0000000010001000100100110
0000000010001000101101000
0000000010001000110101001
0000000010001000111101011
0000000010001001000101101
0000000010001001001101110
0000000010001001010110000
0000000010001001011110001
0000000010001001100110011
0000000010001001101110100
0000000010001001110110110
0000000010001001111110111
0000000010001010000111001
0000000010001010001111010
0000000010001010010111100
0000000010001010011111101
0000000010001010100111111
0000000010001010110000001
0000000010001010111000010
0000000010001011000000100
0000000010001011001000101
0000000010001011010000111
0000000010001011011001000
0000000010001011100001010
0000000010001011101001011
0000000010001011110001101
0000000010001011111001110
0000000010001100000010000
0000000010001100001010001
0000000010001100010010011
0000000010001100011010100
0000000010001100100010110
0000000010001100101011000
0000000010001100110011001
0000000010001100111011011
0000000010001101000011100
0000000010001101001011110
0000000010001101010011111
0000000010001101011100001
0000000010001101100100010
0000000010001101101100100
0000000010001101110100101
0000000010001101111100111
0000000010001110000101000
0000000010001110001101010
0000000010001110010101100
0000000010001110011101101
0000000010001110100101111
0000000010001110101110000
0000000010001110110110010
0000000010001110111110011
0000000010001111000110101
0000000010001111001110110
0000000010001111010111000
0000000010001111011111001
0000000010001111100111011
0000000010001111101111100
0000000010001111110111110
0000000010010000000000000
0000000010010000001000001
0000000010010000010000011
0000000010010000011000100
0000000010010000100000110
0000000010010000101000111
0000000010010000110001001
0000000010010000111001010
0000000010010001000001100
0000000010010001001001101
0000000010010001010001111
0000000010010001011010000
0000000010010001100010010
0000000010010001101010011
0000000010010001110010101
0000000010010001111010111
0000000010010010000011000
0000000010010010001011010
0000000010010010010011011
0000000010010010011011101
0000000010010010100011110
0000000010010010101100000
0000000010010010110100001
0000000010010010111100011
0000000010010011000100100
0000000010010011001100110
0000000010010011010100111
0000000010010011011101001
0000000010010011100101011
0000000010010011101101100
0000000010010011110101110
0000000010010011111101111
0000000010010100000110001
0000000010010100001110010
0000000010010100010110100
0000000010010100011110101
0000000010010100100110111
0000000010010100101111000
0000000010010100110111010
0000000010010100111111011
0000000010010101000111101
0000000010010101001111110
0000000010010101011000000
0000000010010101100000010
0000000010010101101000011
0000000010010101110000101
0000000010010101111000110
0000000010010110000001000
0000000010010110001001001
0000000010010110010001011
0000000010010110011001100
0000000010010110100001110
0000000010010110101001111
0000000010010110110010001
0000000010010110111010010
0000000010010111000010100
0000000010010111001010110
0000000010010111010010111
0000000010010111011011001
0000000010010111100011010
0000000010010111101011100
0000000010010111110011101
0000000010010111111011111
0000000010011000000100000
0000000010011000001100010
0000000010011000010100011
0000000010011000011100101
0000000010011000100100110
0000000010011000101101000
0000000010011000110101001
0000000010011000111101011
0000000010011001000101101
0000000010011001001101110
0000000010011001010110000
0000000010011001011110001
0000000010011001100110011
0000000010011001101110100
0000000010011001110110110
0000000010011001111110111
0000000010011010000111001
0000000010011010001111010
0000000010011010010111100
0000000010011010011111101
0000000010011010100111111
0000000010011010110000001
0000000010011010111000010
0000000010011011000000100
0000000010011011001000101
0000000010011011010000111
0000000010011011011001000
0000000010011011100001010
0000000010011011101001011
0000000010011011110001101
0000000010011011111001110
0000000010011100000010000
0000000010011100001010001
0000000010011100010010011
0000000010011100011010100
0000000010011100100010110
0000000010011100101011000
0000000010011100110011001
0000000010011100111011011
0000000010011101000011100
0000000010011101001011110
0000000010011101010011111
0000000010011101011100001
0000000010011101100100010
0000000010011101101100100
0000000010011101110100101
0000000010011101111100111
0000000010011110000101000
0000000010011110001101010
0000000010011110010101100
0000000010011110011101101
0000000010011110100101111
0000000010011110101110000
0000000010011110110110010
0000000010011110111110011
0000000010011111000110101
0000000010011111001110110
0000000010011111010111000
0000000010011111011111001
0000000010011111100111011
0000000010011111101111100
0000000010011111110111110
0000000010100000000000000
0000000010100000001000001
0000000010100000010000011
0000000010100000011000100
0000000010100000100000110
0000000010100000101000111
0000000010100000110001001
0000000010100000111001010
0000000010100001000001100
0000000010100001001001101
0000000010100001010001111
0000000010100001011010000
0000000010100001100010010
0000000010100001101010011
0000000010100001110010101
0000000010100001111010111
0000000010100010000011000
0000000010100010001011010
0000000010100010010011011
0000000010100010011011101
0000000010100010100011110
0000000010100010101100000
0000000010100010110100001
0000000010100010111100011
0000000010100011000100100
0000000010100011001100110
0000000010100011010100111
0000000010100011011101001
0000000010100011100101011
0000000010100011101101100
0000000010100011110101110
0000000010100011111101111
0000000010100100000110001
0000000010100100001110010
0000000010100100010110100
0000000010100100011110101
0000000010100100100110111
0000000010100100101111000
0000000010100100110111010
0000000010100100111111011
0000000010100101000111101
0000000010100101001111110
0000000010100101011000000
0000000010100101100000010
0000000010100101101000011
0000000010100101110000101
0000000010100101111000110
0000000010100110000001000
0000000010100110001001001
0000000010100110010001011
0000000010100110011001100
0000000010100110100001110
0000000010100110101001111
0000000010100110110010001
0000000010100110111010010
0000000010100111000010100
0000000010100111001010110
0000000010100111010010111
0000000010100111011011001
0000000010100111100011010
0000000010100111101011100
0000000010100111110011101
0000000010100111111011111
0000000010101000000100000
0000000010101000001100010
0000000010101000010100011
0000000010101000011100101
0000000010101000100100110
0000000010101000101101000
0000000010101000110101001
0000000010101000111101011
0000000010101001000101101
0000000010101001001101110
0000000010101001010110000
0000000010101001011110001
0000000010101001100110011
0000000010101001101110100
0000000010101001110110110
0000000010101001111110111
0000000010101010000111001
0000000010101010001111010
0000000010101010010111100
0000000010101010011111101
0000000010101010100111111
0000000010101010110000001
0000000010101010111000010
0000000010101011000000100
0000000010101011001000101
0000000010101011010000111
0000000010101011011001000
0000000010101011100001010
0000000010101011101001011
0000000010101011110001101
0000000010101011111001110
0000000010101100000010000
0000000010101100001010001
0000000010101100010010011
0000000010101100011010100
0000000010101100100010110
0000000010101100101011000
0000000010101100110011001
0000000010101100111011011
0000000010101101000011100
0000000010101101001011110
0000000010101101010011111
0000000010101101011100001
0000000010101101100100010
0000000010101101101100100
0000000010101101110100101
0000000010101101111100111
0000000010101110000101000
0000000010101110001101010
0000000010101110010101100
0000000010101110011101101
0000000010101110100101111
0000000010101110101110000
0000000010101110110110010
0000000010101110111110011
0000000010101111000110101
0000000010101111001110110
0000000010101111010111000
0000000010101111011111001
0000000010101111100111011
0000000010101111101111100
0000000010101111110111110
0000000010110000000000000
0000000010110000001000001
0000000010110000010000011
0000000010110000011000100
0000000010110000100000110
0000000010110000101000111
0000000010110000110001001
0000000010110000111001010
0000000010110001000001100
0000000010110001001001101
0000000010110001010001111
0000000010110001011010000
0000000010110001100010010
0000000010110001101010011
0000000010110001110010101
0000000010110001111010111
0000000010110010000011000
0000000010110010001011010
0000000010110010010011011
0000000010110010011011101
0000000010110010100011110
0000000010110010101100000
0000000010110010110100001
0000000010110010111100011
0000000010110011000100100
0000000010110011001100110
0000000010110011010100111
0000000010110011011101001
0000000010110011100101011
0000000010110011101101100
0000000010110011110101110
0000000010110011111101111
0000000010110100000110001
0000000010110100001110010
0000000010110100010110100
0000000010110100011110101
0000000010110100100110111
0000000010110100101111000
0000000010110100110111010
0000000010110100111111011
0000000010110101000111101
0000000010110101001111110
0000000010110101011000000
0000000010110101100000010
0000000010110101101000011
0000000010110101110000101
0000000010110101111000110
0000000010110110000001000
0000000010110110001001001
0000000010110110010001011
0000000010110110011001100
0000000010110110100001110
0000000010110110101001111
0000000010110110110010001
0000000010110110111010010
0000000010110111000010100
0000000010110111001010110
0000000010110111010010111
0000000010110111011011001
0000000010110111100011010
0000000010110111101011100
0000000010110111110011101
0000000010110111111011111
0000000010111000000100000
0000000010111000001100010
0000000010111000010100011
0000000010111000011100101
0000000010111000100100110
0000000010111000101101000
0000000010111000110101001
0000000010111000111101011
0000000010111001000101101
0000000010111001001101110
0000000010111001010110000
0000000010111001011110001
0000000010111001100110011
0000000010111001101110100
0000000010111001110110110
0000000010111001111110111
0000000010111010000111001
0000000010111010001111010
0000000010111010010111100
0000000010111010011111101
0000000010111010100111111
0000000010111010110000001
0000000010111010111000010
0000000010111011000000100
0000000010111011001000101
0000000010111011010000111
0000000010111011011001000
0000000010111011100001010
0000000010111011101001011
0000000010111011110001101
0000000010111011111001110
0000000010111100000010000
0000000010111100001010001
0000000010111100010010011
0000000010111100011010100
0000000010111100100010110
0000000010111100101011000
0000000010111100110011001
0000000010111100111011011
0000000010111101000011100
0000000010111101001011110
0000000010111101010011111
0000000010111101011100001
0000000010111101100100010
0000000010111101101100100
0000000010111101110100101
0000000010111101111100111
0000000010111110000101000
0000000010111110001101010
0000000010111110010101100
0000000010111110011101101
0000000010111110100101111
0000000010111110101110000
0000000010111110110110010
0000000010111110111110011
0000000010111111000110101
0000000010111111001110110
0000000010111111010111000
0000000010111111011111001
0000000010111111100111011
0000000010111111101111100
0000000010111111110111110
0000000011000000000000000
0000000011000000001000001
0000000011000000010000011
0000000011000000011000100
0000000011000000100000110
0000000011000000101000111
0000000011000000110001001
0000000011000000111001010
0000000011000001000001100
0000000011000001001001101
0000000011000001010001111
0000000011000001011010000
0000000011000001100010010
0000000011000001101010011
0000000011000001110010101
0000000011000001111010111
0000000011000010000011000
0000000011000010001011010
0000000011000010010011011
0000000011000010011011101
0000000011000010100011110
0000000011000010101100000
0000000011000010110100001
0000000011000010111100011
0000000011000011000100100
0000000011000011001100110
0000000011000011010100111
0000000011000011011101001
0000000011000011100101011
0000000011000011101101100
0000000011000011110101110
0000000011000011111101111
0000000011000100000110001
0000000011000100001110010
0000000011000100010110100
0000000011000100011110101
0000000011000100100110111
0000000011000100101111000
0000000011000100110111010
0000000011000100111111011
0000000011000101000111101
0000000011000101001111110
0000000011000101011000000
0000000011000101100000010
0000000011000101101000011
0000000011000101110000101
0000000011000101111000110
0000000011000110000001000
0000000011000110001001001
0000000011000110010001011
0000000011000110011001100
0000000011000110100001110
0000000011000110101001111
0000000011000110110010001
0000000011000110111010010
0000000011000111000010100
0000000011000111001010110
0000000011000111010010111
0000000011000111011011001
0000000011000111100011010
0000000011000111101011100
0000000011000111110011101
0000000011000111111011111
0000000011001000000100000
0000000011001000001100010
0000000011001000010100011
0000000011001000011100101
0000000011001000100100110
0000000011001000101101000
0000000011001000110101001
0000000011001000111101011
0000000011001001000101101
0000000011001001001101110
0000000011001001010110000
0000000011001001011110001
0000000011001001100110011
0000000011001001101110100
0000000011001001110110110
0000000011001001111110111
0000000011001010000111001
0000000011001010001111010
0000000011001010010111100
0000000011001010011111101
0000000011001010100111111
0000000011001010110000001
0000000011001010111000010
0000000011001011000000100
0000000011001011001000101
0000000011001011010000111
0000000011001011011001000
0000000011001011100001010
0000000011001011101001011
0000000011001011110001101
0000000011001011111001110
0000000011001100000010000
0000000011001100001010001
0000000011001100010010011
0000000011001100011010100
0000000011001100100010110
0000000011001100101011000
0000000011001100110011001
0000000011001100111011011
0000000011001101000011100
0000000011001101001011110
0000000011001101010011111
0000000011001101011100001
0000000011001101100100010
0000000011001101101100100
0000000011001101110100101
0000000011001101111100111
0000000011001110000101000
0000000011001110001101010
0000000011001110010101100
0000000011001110011101101
0000000011001110100101111
0000000011001110101110000
0000000011001110110110010
0000000011001110111110011
0000000011001111000110101
0000000011001111001110110
0000000011001111010111000
0000000011001111011111001
0000000011001111100111011
0000000011001111101111100
0000000011001111110111110
0000000011010000000000000
0000000011010000001000001
0000000011010000010000011
0000000011010000011000100
0000000011010000100000110
0000000011010000101000111
0000000011010000110001001
0000000011010000111001010
0000000011010001000001100
0000000011010001001001101
0000000011010001010001111
0000000011010001011010000
0000000011010001100010010
0000000011010001101010011
0000000011010001110010101
0000000011010001111010111
0000000011010010000011000
0000000011010010001011010
0000000011010010010011011
0000000011010010011011101
0000000011010010100011110
0000000011010010101100000
0000000011010010110100001
0000000011010010111100011
0000000011010011000100100
0000000011010011001100110
0000000011010011010100111
0000000011010011011101001
0000000011010011100101011
0000000011010011101101100
0000000011010011110101110
0000000011010011111101111
0000000011010100000110001
0000000011010100001110010
0000000011010100010110100
0000000011010100011110101
0000000011010100100110111
0000000011010100101111000
0000000011010100110111010
0000000011010100111111011
0000000011010101000111101
0000000011010101001111110
0000000011010101011000000
0000000011010101100000010
0000000011010101101000011
0000000011010101110000101
0000000011010101111000110
0000000011010110000001000
0000000011010110001001001
0000000011010110010001011
0000000011010110011001100
0000000011010110100001110
0000000011010110101001111
0000000011010110110010001
0000000011010110111010010
0000000011010111000010100
0000000011010111001010110
0000000011010111010010111
0000000011010111011011001
0000000011010111100011010
0000000011010111101011100
0000000011010111110011101
0000000011010111111011111
0000000011011000000100000
0000000011011000001100010
0000000011011000010100011
0000000011011000011100101
0000000011011000100100110
0000000011011000101101000
0000000011011000110101001
0000000011011000111101011
0000000011011001000101101
0000000011011001001101110
0000000011011001010110000
0000000011011001011110001
0000000011011001100110011
0000000011011001101110100
0000000011011001110110110
0000000011011001111110111
0000000011011010000111001
0000000011011010001111010
0000000011011010010111100
0000000011011010011111101
0000000011011010100111111
0000000011011010110000001
0000000011011010111000010
0000000011011011000000100
0000000011011011001000101
0000000011011011010000111
0000000011011011011001000
0000000011011011100001010
0000000011011011101001011
0000000011011011110001101
0000000011011011111001110
0000000011011100000010000
0000000011011100001010001
0000000011011100010010011
0000000011011100011010100
0000000011011100100010110
0000000011011100101011000
0000000011011100110011001
0000000011011100111011011
0000000011011101000011100
0000000011011101001011110
0000000011011101010011111
0000000011011101011100001
0000000011011101100100010
0000000011011101101100100
0000000011011101110100101
0000000011011101111100111
0000000011011110000101000
0000000011011110001101010
0000000011011110010101100
0000000011011110011101101
0000000011011110100101111
0000000011011110101110000
0000000011011110110110010
0000000011011110111110011
0000000011011111000110101
0000000011011111001110110
0000000011011111010111000
0000000011011111011111001
0000000011011111100111011
0000000011011111101111100
0000000011011111110111110
0000000011100000000000000
0000000011100000001000001
0000000011100000010000011
0000000011100000011000100
0000000011100000100000110
0000000011100000101000111
0000000011100000110001001
0000000011100000111001010
0000000011100001000001100
0000000011100001001001101
0000000011100001010001111
0000000011100001011010000
0000000011100001100010010
0000000011100001101010011
0000000011100001110010101
0000000011100001111010111
0000000011100010000011000
0000000011100010001011010
0000000011100010010011011
0000000011100010011011101
0000000011100010100011110
0000000011100010101100000
0000000011100010110100001
0000000011100010111100011
0000000011100011000100100
0000000011100011001100110
0000000011100011010100111
0000000011100011011101001
0000000011100011100101011
0000000011100011101101100
0000000011100011110101110
0000000011100011111101111
0000000011100100000110001
0000000011100100001110010
0000000011100100010110100
0000000011100100011110101
0000000011100100100110111
0000000011100100101111000
0000000011100100110111010
0000000011100100111111011
0000000011100101000111101
0000000011100101001111110
0000000011100101011000000
0000000011100101100000010
0000000011100101101000011
0000000011100101110000101
0000000011100101111000110
0000000011100110000001000
0000000011100110001001001
0000000011100110010001011
0000000011100110011001100
0000000011100110100001110
0000000011100110101001111
0000000011100110110010001
0000000011100110111010010
0000000011100111000010100
0000000011100111001010110
0000000011100111010010111
0000000011100111011011001
0000000011100111100011010
0000000011100111101011100
0000000011100111110011101
0000000011100111111011111
0000000011101000000100000
0000000011101000001100010
0000000011101000010100011
0000000011101000011100101
0000000011101000100100110
0000000011101000101101000
0000000011101000110101001
0000000011101000111101011
0000000011101001000101101
0000000011101001001101110
0000000011101001010110000
0000000011101001011110001
0000000011101001100110011
0000000011101001101110100
0000000011101001110110110
0000000011101001111110111
0000000011101010000111001
0000000011101010001111010
0000000011101010010111100
0000000011101010011111101
0000000011101010100111111
0000000011101010110000001
0000000011101010111000010
0000000011101011000000100
0000000011101011001000101
0000000011101011010000111
0000000011101011011001000
0000000011101011100001010
0000000011101011101001011
0000000011101011110001101
0000000011101011111001110
0000000011101100000010000
0000000011101100001010001
0000000011101100010010011
0000000011101100011010100
0000000011101100100010110
0000000011101100101011000
0000000011101100110011001
0000000011101100111011011
0000000011101101000011100
0000000011101101001011110
0000000011101101010011111
0000000011101101011100001
0000000011101101100100010
0000000011101101101100100
0000000011101101110100101
0000000011101101111100111
0000000011101110000101000
0000000011101110001101010
0000000011101110010101100
0000000011101110011101101
0000000011101110100101111
0000000011101110101110000
0000000011101110110110010
0000000011101110111110011
0000000011101111000110101
0000000011101111001110110
0000000011101111010111000
0000000011101111011111001
0000000011101111100111011
0000000011101111101111100
0000000011101111110111110
0000000011110000000000000
0000000011110000001000001
0000000011110000010000011
0000000011110000011000100
0000000011110000100000110
0000000011110000101000111
0000000011110000110001001
0000000011110000111001010
0000000011110001000001100
0000000011110001001001101
0000000011110001010001111
0000000011110001011010000
0000000011110001100010010
0000000011110001101010011
0000000011110001110010101
0000000011110001111010111
0000000011110010000011000
0000000011110010001011010
0000000011110010010011011
0000000011110010011011101
0000000011110010100011110
0000000011110010101100000
0000000011110010110100001
0000000011110010111100011
0000000011110011000100100
0000000011110011001100110
0000000011110011010100111
0000000011110011011101001
0000000011110011100101011
0000000011110011101101100
0000000011110011110101110
0000000011110011111101111
0000000011110100000110001
0000000011110100001110010
0000000011110100010110100
0000000011110100011110101
0000000011110100100110111
0000000011110100101111000
0000000011110100110111010
0000000011110100111111011
0000000011110101000111101
0000000011110101001111110
0000000011110101011000000
0000000011110101100000010
0000000011110101101000011
0000000011110101110000101
0000000011110101111000110
0000000011110110000001000
0000000011110110001001001
0000000011110110010001011
0000000011110110011001100
0000000011110110100001110
0000000011110110101001111
0000000011110110110010001
0000000011110110111010010
0000000011110111000010100
0000000011110111001010110
0000000011110111010010111
0000000011110111011011001
0000000011110111100011010
0000000011110111101011100
0000000011110111110011101
0000000011110111111011111
0000000011111000000100000
0000000011111000001100010
0000000011111000010100011
0000000011111000011100101
0000000011111000100100110
0000000011111000101101000
0000000011111000110101001
0000000011111000111101011
0000000011111001000101101
0000000011111001001101110
0000000011111001010110000
0000000011111001011110001
0000000011111001100110011
0000000011111001101110100
0000000011111001110110110
0000000011111001111110111
0000000011111010000111001
0000000011111010001111010
0000000011111010010111100
0000000011111010011111101
0000000011111010100111111
0000000011111010110000001
0000000011111010111000010
0000000011111011000000100
0000000011111011001000101
0000000011111011010000111
0000000011111011011001000
0000000011111011100001010
0000000011111011101001011
0000000011111011110001101
0000000011111011111001110
0000000011111100000010000
0000000011111100001010001
0000000011111100010010011
0000000011111100011010100
0000000011111100100010110
0000000011111100101011000
0000000011111100110011001
0000000011111100111011011
0000000011111101000011100
0000000011111101001011110
0000000011111101010011111
0000000011111101011100001
0000000011111101100100010
0000000011111101101100100
0000000011111101110100101
0000000011111101111100111
0000000011111110000101000
0000000011111110001101010
0000000011111110010101100
0000000011111110011101101
0000000011111110100101111
0000000011111110101110000
0000000011111110110110010
0000000011111110111110011
0000000011111111000110101
0000000011111111001110110
0000000011111111010111000
0000000011111111011111001
0000000011111111100111011
0000000011111111101111100
0000000011111111110111110
0000000100000000000000000
0000000100000000001000001
0000000100000000010000011
0000000100000000011000100
0000000100000000100000110
0000000100000000101000111
0000000100000000110001001
0000000100000000111001010
0000000100000001000001100
0000000100000001001001101
0000000100000001010001111
0000000100000001011010000
0000000100000001100010010
0000000100000001101010011
0000000100000001110010101
0000000100000001111010111
0000000100000010000011000
0000000100000010001011010
0000000100000010010011011
0000000100000010011011101
0000000100000010100011110
0000000100000010101100000
0000000100000010110100001
0000000100000010111100011
0000000100000011000100100
0000000100000011001100110
0000000100000011010100111
0000000100000011011101001
0000000100000011100101011
0000000100000011101101100
0000000100000011110101110
0000000100000011111101111
0000000100000100000110001
0000000100000100001110010
0000000100000100010110100
0000000100000100011110101
0000000100000100100110111
0000000100000100101111000
0000000100000100110111010
0000000100000100111111011
0000000100000101000111101
0000000100000101001111110
0000000100000101011000000
0000000100000101100000010
0000000100000101101000011
0000000100000101110000101
0000000100000101111000110
0000000100000110000001000
0000000100000110001001001
0000000100000110010001011
0000000100000110011001100
0000000100000110100001110
0000000100000110101001111
0000000100000110110010001
0000000100000110111010010
0000000100000111000010100
0000000100000111001010110
0000000100000111010010111
0000000100000111011011001
0000000100000111100011010
0000000100000111101011100
0000000100000111110011101
0000000100000111111011111
0000000100001000000100000
0000000100001000001100010
0000000100001000010100011
0000000100001000011100101
0000000100001000100100110
0000000100001000101101000
0000000100001000110101001
0000000100001000111101011
0000000100001001000101101
0000000100001001001101110
0000000100001001010110000
0000000100001001011110001
0000000100001001100110011
0000000100001001101110100
0000000100001001110110110
0000000100001001111110111
0000000100001010000111001
0000000100001010001111010
0000000100001010010111100
0000000100001010011111101
0000000100001010100111111
0000000100001010110000001
0000000100001010111000010
0000000100001011000000100
0000000100001011001000101
0000000100001011010000111
0000000100001011011001000
0000000100001011100001010
0000000100001011101001011
0000000100001011110001101
0000000100001011111001110
0000000100001100000010000
0000000100001100001010001
0000000100001100010010011
0000000100001100011010100
0000000100001100100010110
0000000100001100101011000
0000000100001100110011001
0000000100001100111011011
0000000100001101000011100
0000000100001101001011110
0000000100001101010011111
0000000100001101011100001
0000000100001101100100010
0000000100001101101100100
0000000100001101110100101
0000000100001101111100111
0000000100001110000101000
0000000100001110001101010
0000000100001110010101100
0000000100001110011101101
0000000100001110100101111
0000000100001110101110000
0000000100001110110110010
0000000100001110111110011
0000000100001111000110101
0000000100001111001110110
0000000100001111010111000
0000000100001111011111001
0000000100001111100111011
0000000100001111101111100
0000000100001111110111110
0000000100010000000000000
0000000100010000001000001
0000000100010000010000011
0000000100010000011000100
0000000100010000100000110
0000000100010000101000111
0000000100010000110001001
0000000100010000111001010
0000000100010001000001100
0000000100010001001001101
0000000100010001010001111
0000000100010001011010000
0000000100010001100010010
0000000100010001101010011
0000000100010001110010101
0000000100010001111010111
0000000100010010000011000
0000000100010010001011010
0000000100010010010011011
0000000100010010011011101
0000000100010010100011110
0000000100010010101100000
0000000100010010110100001
0000000100010010111100011
0000000100010011000100100
0000000100010011001100110
0000000100010011010100111
0000000100010011011101001
0000000100010011100101011
0000000100010011101101100
0000000100010011110101110
0000000100010011111101111
0000000100010100000110001
0000000100010100001110010
0000000100010100010110100
0000000100010100011110101
0000000100010100100110111
0000000100010100101111000
0000000100010100110111010
0000000100010100111111011
0000000100010101000111101
0000000100010101001111110
0000000100010101011000000
0000000100010101100000010
0000000100010101101000011
0000000100010101110000101
0000000100010101111000110
0000000100010110000001000
0000000100010110001001001
0000000100010110010001011
0000000100010110011001100
0000000100010110100001110
0000000100010110101001111
0000000100010110110010001
0000000100010110111010010
0000000100010111000010100
0000000100010111001010110
0000000100010111010010111
0000000100010111011011001
0000000100010111100011010
0000000100010111101011100
0000000100010111110011101
0000000100010111111011111
0000000100011000000100000
0000000100011000001100010
0000000100011000010100011
0000000100011000011100101
0000000100011000100100110
0000000100011000101101000
0000000100011000110101001
0000000100011000111101011
0000000100011001000101101
0000000100011001001101110
0000000100011001010110000
0000000100011001011110001
0000000100011001100110011
0000000100011001101110100
0000000100011001110110110
0000000100011001111110111
0000000100011010000111001
0000000100011010001111010
0000000100011010010111100
0000000100011010011111101
0000000100011010100111111
0000000100011010110000001
0000000100011010111000010
0000000100011011000000100
0000000100011011001000101
0000000100011011010000111
0000000100011011011001000
0000000100011011100001010
0000000100011011101001011
0000000100011011110001101
0000000100011011111001110
0000000100011100000010000
0000000100011100001010001
0000000100011100010010011
0000000100011100011010100
0000000100011100100010110
0000000100011100101011000
0000000100011100110011001
0000000100011100111011011
0000000100011101000011100
0000000100011101001011110
0000000100011101010011111
0000000100011101011100001
0000000100011101100100010
0000000100011101101100100
0000000100011101110100101
0000000100011101111100111
0000000100011110000101000
0000000100011110001101010
0000000100011110010101100
0000000100011110011101101
0000000100011110100101111
0000000100011110101110000
0000000100011110110110010
0000000100011110111110011
0000000100011111000110101
0000000100011111001110110
0000000100011111010111000
0000000100011111011111001
0000000100011111100111011
0000000100011111101111100
0000000100011111110111110
0000000100100000000000000
0000000100100000001000001
0000000100100000010000011
0000000100100000011000100
0000000100100000100000110
0000000100100000101000111
0000000100100000110001001
0000000100100000111001010
0000000100100001000001100
0000000100100001001001101
0000000100100001010001111
0000000100100001011010000
0000000100100001100010010
0000000100100001101010011
0000000100100001110010101
0000000100100001111010111
0000000100100010000011000
0000000100100010001011010
0000000100100010010011011
0000000100100010011011101
0000000100100010100011110
0000000100100010101100000
0000000100100010110100001
0000000100100010111100011
0000000100100011000100100
0000000100100011001100110
0000000100100011010100111
0000000100100011011101001
0000000100100011100101011
0000000100100011101101100
0000000100100011110101110
0000000100100011111101111
0000000100100100000110001
0000000100100100001110010
0000000100100100010110100
0000000100100100011110101
0000000100100100100110111
0000000100100100101111000
0000000100100100110111010
0000000100100100111111011
0000000100100101000111101
0000000100100101001111110
0000000100100101011000000
0000000100100101100000010
0000000100100101101000011
0000000100100101110000101
0000000100100101111000110
0000000100100110000001000
0000000100100110001001001
0000000100100110010001011
0000000100100110011001100
0000000100100110100001110
0000000100100110101001111
0000000100100110110010001
0000000100100110111010010
0000000100100111000010100
0000000100100111001010110
0000000100100111010010111
0000000100100111011011001
0000000100100111100011010
0000000100100111101011100
0000000100100111110011101
0000000100100111111011111
0000000100101000000100000
0000000100101000001100010
0000000100101000010100011
0000000100101000011100101
0000000100101000100100110
0000000100101000101101000
0000000100101000110101001
0000000100101000111101011
0000000100101001000101101
0000000100101001001101110
0000000100101001010110000
0000000100101001011110001
0000000100101001100110011
0000000100101001101110100
0000000100101001110110110
0000000100101001111110111
0000000100101010000111001
0000000100101010001111010
0000000100101010010111100
0000000100101010011111101
0000000100101010100111111
0000000100101010110000001
0000000100101010111000010
0000000100101011000000100
0000000100101011001000101
0000000100101011010000111
0000000100101011011001000
0000000100101011100001010
0000000100101011101001011
0000000100101011110001101
0000000100101011111001110
0000000100101100000010000
0000000100101100001010001
0000000100101100010010011
0000000100101100011010100
0000000100101100100010110
0000000100101100101011000
0000000100101100110011001
0000000100101100111011011
0000000100101101000011100
0000000100101101001011110
0000000100101101010011111
0000000100101101011100001
0000000100101101100100010
0000000100101101101100100
0000000100101101110100101
0000000100101101111100111
0000000100101110000101000
0000000100101110001101010
0000000100101110010101100
0000000100101110011101101
0000000100101110100101111
0000000100101110101110000
0000000100101110110110010
0000000100101110111110011
0000000100101111000110101
0000000100101111001110110
0000000100101111010111000
0000000100101111011111001
0000000100101111100111011
0000000100101111101111100
0000000100101111110111110
0000000100110000000000000
0000000100110000001000001
0000000100110000010000011
0000000100110000011000100
0000000100110000100000110
0000000100110000101000111
0000000100110000110001001
0000000100110000111001010
0000000100110001000001100
0000000100110001001001101
0000000100110001010001111
0000000100110001011010000
0000000100110001100010010
0000000100110001101010011
0000000100110001110010101
0000000100110001111010111
0000000100110010000011000
0000000100110010001011010
0000000100110010010011011
0000000100110010011011101
0000000100110010100011110
0000000100110010101100000
0000000100110010110100001
0000000100110010111100011
0000000100110011000100100
0000000100110011001100110
0000000100110011010100111
0000000100110011011101001
0000000100110011100101011
0000000100110011101101100
0000000100110011110101110
0000000100110011111101111
0000000100110100000110001
0000000100110100001110010
0000000100110100010110100
0000000100110100011110101
0000000100110100100110111
0000000100110100101111000
0000000100110100110111010
0000000100110100111111011
0000000100110101000111101
0000000100110101001111110
0000000100110101011000000
0000000100110101100000010
0000000100110101101000011
0000000100110101110000101
0000000100110101111000110
0000000100110110000001000
0000000100110110001001001
0000000100110110010001011
0000000100110110011001100
0000000100110110100001110
0000000100110110101001111
0000000100110110110010001
0000000100110110111010010
0000000100110111000010100
0000000100110111001010110
0000000100110111010010111
0000000100110111011011001
0000000100110111100011010
0000000100110111101011100
0000000100110111110011101
0000000100110111111011111
0000000100111000000100000
0000000100111000001100010
0000000100111000010100011
0000000100111000011100101
0000000100111000100100110
0000000100111000101101000
0000000100111000110101001
0000000100111000111101011
0000000100111001000101101
0000000100111001001101110
0000000100111001010110000
0000000100111001011110001
0000000100111001100110011
0000000100111001101110100
0000000100111001110110110
0000000100111001111110111
0000000100111010000111001
0000000100111010001111010
0000000100111010010111100
0000000100111010011111101
0000000100111010100111111
0000000100111010110000001
0000000100111010111000010
0000000100111011000000100
0000000100111011001000101
0000000100111011010000111
0000000100111011011001000
0000000100111011100001010
0000000100111011101001011
0000000100111011110001101
0000000100111011111001110
0000000100111100000010000
0000000100111100001010001
0000000100111100010010011
0000000100111100011010100
0000000100111100100010110
0000000100111100101011000
0000000100111100110011001
0000000100111100111011011
0000000100111101000011100
0000000100111101001011110
0000000100111101010011111
0000000100111101011100001
0000000100111101100100010
0000000100111101101100100
0000000100111101110100101
0000000100111101111100111
0000000100111110000101000
0000000100111110001101010
0000000100111110010101100
0000000100111110011101101
0000000100111110100101111
0000000100111110101110000
0000000100111110110110010
0000000100111110111110011
0000000100111111000110101
0000000100111111001110110
0000000100111111010111000
0000000100111111011111001
0000000100111111100111011
0000000100111111101111100
0000000100111111110111110
0000000101000000000000000
0000000101000000001000001
0000000101000000010000011
0000000101000000011000100
0000000101000000100000110
0000000101000000101000111
0000000101000000110001001
0000000101000000111001010
0000000101000001000001100
0000000101000001001001101
0000000101000001010001111
0000000101000001011010000
0000000101000001100010010
0000000101000001101010011
0000000101000001110010101
0000000101000001111010111
0000000101000010000011000
0000000101000010001011010
0000000101000010010011011
0000000101000010011011101
0000000101000010100011110
0000000101000010101100000
0000000101000010110100001
0000000101000010111100011
0000000101000011000100100
0000000101000011001100110
0000000101000011010100111
0000000101000011011101001
0000000101000011100101011
0000000101000011101101100
0000000101000011110101110
0000000101000011111101111
0000000101000100000110001
0000000101000100001110010
0000000101000100010110100
0000000101000100011110101
0000000101000100100110111
0000000101000100101111000
0000000101000100110111010
0000000101000100111111011
0000000101000101000111101
0000000101000101001111110
0000000101000101011000000
0000000101000101100000010
0000000101000101101000011
0000000101000101110000101
0000000101000101111000110
0000000101000110000001000
0000000101000110001001001
0000000101000110010001011
0000000101000110011001100
0000000101000110100001110
0000000101000110101001111
0000000101000110110010001
0000000101000110111010010
0000000101000111000010100
0000000101000111001010110
0000000101000111010010111
0000000101000111011011001
0000000101000111100011010
0000000101000111101011100
0000000101000111110011101
0000000101000111111011111
0000000101001000000100000
0000000101001000001100010
0000000101001000010100011
0000000101001000011100101
0000000101001000100100110
0000000101001000101101000
0000000101001000110101001
0000000101001000111101011
0000000101001001000101101
0000000101001001001101110
0000000101001001010110000
0000000101001001011110001
0000000101001001100110011
0000000101001001101110100
0000000101001001110110110
0000000101001001111110111
0000000101001010000111001
0000000101001010001111010
0000000101001010010111100
0000000101001010011111101
0000000101001010100111111
0000000101001010110000001
0000000101001010111000010
0000000101001011000000100
0000000101001011001000101
0000000101001011010000111
0000000101001011011001000
0000000101001011100001010
0000000101001011101001011
0000000101001011110001101
0000000101001011111001110
0000000101001100000010000
0000000101001100001010001
0000000101001100010010011
0000000101001100011010100
0000000101001100100010110
0000000101001100101011000
0000000101001100110011001
0000000101001100111011011
0000000101001101000011100
0000000101001101001011110
0000000101001101010011111
0000000101001101011100001
0000000101001101100100010
0000000101001101101100100
0000000101001101110100101
0000000101001101111100111
0000000101001110000101000
0000000101001110001101010
0000000101001110010101100
0000000101001110011101101
0000000101001110100101111
0000000101001110101110000
0000000101001110110110010
0000000101001110111110011
0000000101001111000110101
0000000101001111001110110
0000000101001111010111000
0000000101001111011111001
0000000101001111100111011
0000000101001111101111100
0000000101001111110111110
0000000101010000000000000
0000000101010000001000001
0000000101010000010000011
0000000101010000011000100
0000000101010000100000110
0000000101010000101000111
0000000101010000110001001
0000000101010000111001010
0000000101010001000001100
0000000101010001001001101
0000000101010001010001111
0000000101010001011010000
0000000101010001100010010
0000000101010001101010011
0000000101010001110010101
0000000101010001111010111
0000000101010010000011000
0000000101010010001011010
0000000101010010010011011
0000000101010010011011101
0000000101010010100011110
0000000101010010101100000
0000000101010010110100001
0000000101010010111100011
0000000101010011000100100
0000000101010011001100110
0000000101010011010100111
0000000101010011011101001
0000000101010011100101011
0000000101010011101101100
0000000101010011110101110
0000000101010011111101111
0000000101010100000110001
0000000101010100001110010
0000000101010100010110100
0000000101010100011110101
0000000101010100100110111
0000000101010100101111000
0000000101010100110111010
0000000101010100111111011
0000000101010101000111101
0000000101010101001111110
0000000101010101011000000
0000000101010101100000010
0000000101010101101000011
0000000101010101110000101
0000000101010101111000110
0000000101010110000001000
0000000101010110001001001
0000000101010110010001011
0000000101010110011001100
0000000101010110100001110
0000000101010110101001111
0000000101010110110010001
0000000101010110111010010
0000000101010111000010100
0000000101010111001010110
0000000101010111010010111
0000000101010111011011001
0000000101010111100011010
0000000101010111101011100
0000000101010111110011101
0000000101010111111011111
0000000101011000000100000
0000000101011000001100010
0000000101011000010100011
0000000101011000011100101
0000000101011000100100110
0000000101011000101101000
0000000101011000110101001
0000000101011000111101011
0000000101011001000101101
0000000101011001001101110
0000000101011001010110000
0000000101011001011110001
0000000101011001100110011
0000000101011001101110100
0000000101011001110110110
0000000101011001111110111
0000000101011010000111001
0000000101011010001111010
0000000101011010010111100
0000000101011010011111101
0000000101011010100111111
0000000101011010110000001
0000000101011010111000010
0000000101011011000000100
0000000101011011001000101
0000000101011011010000111
0000000101011011011001000
0000000101011011100001010
0000000101011011101001011
0000000101011011110001101
0000000101011011111001110
0000000101011100000010000
0000000101011100001010001
0000000101011100010010011
0000000101011100011010100
0000000101011100100010110
0000000101011100101011000
0000000101011100110011001
0000000101011100111011011
0000000101011101000011100
0000000101011101001011110
0000000101011101010011111
0000000101011101011100001
0000000101011101100100010
0000000101011101101100100
0000000101011101110100101
0000000101011101111100111
0000000101011110000101000
0000000101011110001101010
0000000101011110010101100
0000000101011110011101101
0000000101011110100101111
0000000101011110101110000
0000000101011110110110010
0000000101011110111110011
0000000101011111000110101
0000000101011111001110110
0000000101011111010111000
0000000101011111011111001
0000000101011111100111011
0000000101011111101111100
0000000101011111110111110
0000000101100000000000000
0000000101100000001000001
0000000101100000010000011
0000000101100000011000100
0000000101100000100000110
0000000101100000101000111
0000000101100000110001001
0000000101100000111001010
0000000101100001000001100
0000000101100001001001101
0000000101100001010001111
0000000101100001011010000
0000000101100001100010010
0000000101100001101010011
0000000101100001110010101
0000000101100001111010111
0000000101100010000011000
0000000101100010001011010
0000000101100010010011011
0000000101100010011011101
0000000101100010100011110
0000000101100010101100000
0000000101100010110100001
0000000101100010111100011
0000000101100011000100100
0000000101100011001100110
0000000101100011010100111
0000000101100011011101001
0000000101100011100101011
0000000101100011101101100
0000000101100011110101110
0000000101100011111101111
0000000101100100000110001
0000000101100100001110010
0000000101100100010110100
0000000101100100011110101
0000000101100100100110111
0000000101100100101111000
0000000101100100110111010
0000000101100100111111011
0000000101100101000111101
0000000101100101001111110
0000000101100101011000000
0000000101100101100000010
0000000101100101101000011
0000000101100101110000101
0000000101100101111000110
0000000101100110000001000
0000000101100110001001001
0000000101100110010001011
0000000101100110011001100
0000000101100110100001110
0000000101100110101001111
0000000101100110110010001
0000000101100110111010010
0000000101100111000010100
0000000101100111001010110
0000000101100111010010111
0000000101100111011011001
0000000101100111100011010
0000000101100111101011100
0000000101100111110011101
0000000101100111111011111
0000000101101000000100000
0000000101101000001100010
0000000101101000010100011
0000000101101000011100101
0000000101101000100100110
0000000101101000101101000
0000000101101000110101001
0000000101101000111101011
0000000101101001000101101
0000000101101001001101110
0000000101101001010110000
0000000101101001011110001
0000000101101001100110011
0000000101101001101110100
0000000101101001110110110
0000000101101001111110111
0000000101101010000111001
0000000101101010001111010
0000000101101010010111100
0000000101101010011111101
0000000101101010100111111
0000000101101010110000001
0000000101101010111000010
0000000101101011000000100
0000000101101011001000101
0000000101101011010000111
0000000101101011011001000
0000000101101011100001010
0000000101101011101001011
0000000101101011110001101
0000000101101011111001110
0000000101101100000010000
0000000101101100001010001
0000000101101100010010011
0000000101101100011010100
0000000101101100100010110
0000000101101100101011000
0000000101101100110011001
0000000101101100111011011
0000000101101101000011100
0000000101101101001011110
0000000101101101010011111
0000000101101101011100001
0000000101101101100100010
0000000101101101101100100
0000000101101101110100101
0000000101101101111100111
0000000101101110000101000
0000000101101110001101010
0000000101101110010101100
0000000101101110011101101
0000000101101110100101111
0000000101101110101110000
0000000101101110110110010
0000000101101110111110011
0000000101101111000110101
0000000101101111001110110
0000000101101111010111000
0000000101101111011111001
0000000101101111100111011
0000000101101111101111100
0000000101101111110111110
0000000101110000000000000
0000000101110000001000001
0000000101110000010000011
0000000101110000011000100
0000000101110000100000110
0000000101110000101000111
0000000101110000110001001
0000000101110000111001010
0000000101110001000001100
0000000101110001001001101
0000000101110001010001111
0000000101110001011010000
0000000101110001100010010
0000000101110001101010011
0000000101110001110010101
0000000101110001111010111
0000000101110010000011000
0000000101110010001011010
0000000101110010010011011
0000000101110010011011101
0000000101110010100011110
0000000101110010101100000
0000000101110010110100001
0000000101110010111100011
0000000101110011000100100
0000000101110011001100110
0000000101110011010100111
0000000101110011011101001
0000000101110011100101011
0000000101110011101101100
0000000101110011110101110
0000000101110011111101111
0000000101110100000110001
0000000101110100001110010
0000000101110100010110100
0000000101110100011110101
0000000101110100100110111
0000000101110100101111000
0000000101110100110111010
0000000101110100111111011
0000000101110101000111101
0000000101110101001111110
0000000101110101011000000
0000000101110101100000010
0000000101110101101000011
0000000101110101110000101
0000000101110101111000110
0000000101110110000001000
0000000101110110001001001
0000000101110110010001011
0000000101110110011001100
0000000101110110100001110
0000000101110110101001111
0000000101110110110010001
0000000101110110111010010
0000000101110111000010100
0000000101110111001010110
0000000101110111010010111
0000000101110111011011001
0000000101110111100011010
0000000101110111101011100
0000000101110111110011101
0000000101110111111011111
0000000101111000000100000
0000000101111000001100010
0000000101111000010100011
0000000101111000011100101
0000000101111000100100110
0000000101111000101101000
0000000101111000110101001
0000000101111000111101011
0000000101111001000101101
0000000101111001001101110
0000000101111001010110000
0000000101111001011110001
0000000101111001100110011
0000000101111001101110100
0000000101111001110110110
0000000101111001111110111
0000000101111010000111001
0000000101111010001111010
0000000101111010010111100
0000000101111010011111101
0000000101111010100111111
0000000101111010110000001
0000000101111010111000010
0000000101111011000000100
0000000101111011001000101
0000000101111011010000111
0000000101111011011001000
0000000101111011100001010
0000000101111011101001011
0000000101111011110001101
0000000101111011111001110
0000000101111100000010000
0000000101111100001010001
0000000101111100010010011
0000000101111100011010100
0000000101111100100010110
0000000101111100101011000
0000000101111100110011001
0000000101111100111011011
0000000101111101000011100
0000000101111101001011110
0000000101111101010011111
0000000101111101011100001
0000000101111101100100010
0000000101111101101100100
0000000101111101110100101
0000000101111101111100111
0000000101111110000101000
0000000101111110001101010
0000000101111110010101100
0000000101111110011101101
0000000101111110100101111
0000000101111110101110000
0000000101111110110110010
0000000101111110111110011
0000000101111111000110101
0000000101111111001110110
0000000101111111010111000
0000000101111111011111001
0000000101111111100111011
0000000101111111101111100
0000000101111111110111110
0000000110000000000000000
0000000110000000001000001
0000000110000000010000011
0000000110000000011000100
0000000110000000100000110
0000000110000000101000111
0000000110000000110001001
0000000110000000111001010
0000000110000001000001100
0000000110000001001001101
0000000110000001010001111
0000000110000001011010000
0000000110000001100010010
0000000110000001101010011
0000000110000001110010101
0000000110000001111010111
0000000110000010000011000
0000000110000010001011010
0000000110000010010011011
0000000110000010011011101
0000000110000010100011110
0000000110000010101100000
0000000110000010110100001
0000000110000010111100011
0000000110000011000100100
0000000110000011001100110
0000000110000011010100111
0000000110000011011101001
0000000110000011100101011
0000000110000011101101100
0000000110000011110101110
0000000110000011111101111
0000000110000100000110001
0000000110000100001110010
0000000110000100010110100
0000000110000100011110101
0000000110000100100110111
0000000110000100101111000
0000000110000100110111010
0000000110000100111111011
0000000110000101000111101
0000000110000101001111110
0000000110000101011000000
0000000110000101100000010
0000000110000101101000011
0000000110000101110000101
0000000110000101111000110
0000000110000110000001000
0000000110000110001001001
0000000110000110010001011
0000000110000110011001100
0000000110000110100001110
0000000110000110101001111
0000000110000110110010001
0000000110000110111010010
0000000110000111000010100
0000000110000111001010110
0000000110000111010010111
0000000110000111011011001
0000000110000111100011010
0000000110000111101011100
0000000110000111110011101
0000000110000111111011111
0000000110001000000100000
0000000110001000001100010
0000000110001000010100011
0000000110001000011100101
0000000110001000100100110
0000000110001000101101000
0000000110001000110101001
0000000110001000111101011
0000000110001001000101101
0000000110001001001101110
0000000110001001010110000
0000000110001001011110001
0000000110001001100110011
0000000110001001101110100
0000000110001001110110110
0000000110001001111110111
0000000110001010000111001
0000000110001010001111010
0000000110001010010111100
0000000110001010011111101
0000000110001010100111111
0000000110001010110000001
0000000110001010111000010
0000000110001011000000100
0000000110001011001000101
0000000110001011010000111
0000000110001011011001000
0000000110001011100001010
0000000110001011101001011
0000000110001011110001101
0000000110001011111001110
0000000110001100000010000
0000000110001100001010001
0000000110001100010010011
0000000110001100011010100
0000000110001100100010110
0000000110001100101011000
0000000110001100110011001
0000000110001100111011011
0000000110001101000011100
0000000110001101001011110
0000000110001101010011111
0000000110001101011100001
0000000110001101100100010
0000000110001101101100100
0000000110001101110100101
0000000110001101111100111
0000000110001110000101000
0000000110001110001101010
0000000110001110010101100
0000000110001110011101101
0000000110001110100101111
0000000110001110101110000
0000000110001110110110010
0000000110001110111110011
0000000110001111000110101
0000000110001111001110110
0000000110001111010111000
0000000110001111011111001
0000000110001111100111011
0000000110001111101111100
0000000110001111110111110
0000000110010000000000000
0000000110010000001000001
0000000110010000010000011
0000000110010000011000100
0000000110010000100000110
0000000110010000101000111
0000000110010000110001001
0000000110010000111001010
0000000110010001000001100
0000000110010001001001101
0000000110010001010001111
0000000110010001011010000
0000000110010001100010010
0000000110010001101010011
0000000110010001110010101
0000000110010001111010111
0000000110010010000011000
0000000110010010001011010
0000000110010010010011011
0000000110010010011011101
0000000110010010100011110
0000000110010010101100000
0000000110010010110100001
0000000110010010111100011
0000000110010011000100100
0000000110010011001100110
0000000110010011010100111
0000000110010011011101001
0000000110010011100101011
0000000110010011101101100
0000000110010011110101110
0000000110010011111101111
0000000110010100000110001
0000000110010100001110010
0000000110010100010110100
0000000110010100011110101
0000000110010100100110111
0000000110010100101111000
0000000110010100110111010
0000000110010100111111011
0000000110010101000111101
0000000110010101001111110
0000000110010101011000000
0000000110010101100000010
0000000110010101101000011
0000000110010101110000101
0000000110010101111000110
0000000110010110000001000
0000000110010110001001001
0000000110010110010001011
0000000110010110011001100
0000000110010110100001110
0000000110010110101001111
0000000110010110110010001
0000000110010110111010010
0000000110010111000010100
0000000110010111001010110
0000000110010111010010111
0000000110010111011011001
0000000110010111100011010
0000000110010111101011100
0000000110010111110011101
0000000110010111111011111
0000000110011000000100000
0000000110011000001100010
0000000110011000010100011
0000000110011000011100101
0000000110011000100100110
0000000110011000101101000
0000000110011000110101001
0000000110011000111101011
0000000110011001000101101
0000000110011001001101110
0000000110011001010110000
0000000110011001011110001
0000000110011001100110011
0000000110011001101110100
0000000110011001110110110
0000000110011001111110111
0000000110011010000111001
0000000110011010001111010
0000000110011010010111100
0000000110011010011111101
0000000110011010100111111
0000000110011010110000001
0000000110011010111000010
0000000110011011000000100
0000000110011011001000101
0000000110011011010000111
0000000110011011011001000
0000000110011011100001010
0000000110011011101001011
0000000110011011110001101
0000000110011011111001110
0000000110011100000010000
0000000110011100001010001
0000000110011100010010011
0000000110011100011010100
0000000110011100100010110
0000000110011100101011000
0000000110011100110011001
0000000110011100111011011
0000000110011101000011100
0000000110011101001011110
0000000110011101010011111
0000000110011101011100001
0000000110011101100100010
0000000110011101101100100
0000000110011101110100101
0000000110011101111100111
0000000110011110000101000
0000000110011110001101010
0000000110011110010101100
0000000110011110011101101
0000000110011110100101111
0000000110011110101110000
0000000110011110110110010
0000000110011110111110011
0000000110011111000110101
0000000110011111001110110
0000000110011111010111000
0000000110011111011111001
0000000110011111100111011
0000000110011111101111100
0000000110011111110111110
0000000110100000000000000
0000000110100000001000001
0000000110100000010000011
0000000110100000011000100
0000000110100000100000110
0000000110100000101000111
0000000110100000110001001
0000000110100000111001010
0000000110100001000001100
0000000110100001001001101
0000000110100001010001111
0000000110100001011010000
0000000110100001100010010
0000000110100001101010011
0000000110100001110010101
0000000110100001111010111
0000000110100010000011000
0000000110100010001011010
0000000110100010010011011
0000000110100010011011101
0000000110100010100011110
0000000110100010101100000
0000000110100010110100001
0000000110100010111100011
0000000110100011000100100
0000000110100011001100110
0000000110100011010100111
0000000110100011011101001
0000000110100011100101011
0000000110100011101101100
0000000110100011110101110
0000000110100011111101111
0000000110100100000110001
0000000110100100001110010
0000000110100100010110100
0000000110100100011110101
0000000110100100100110111
0000000110100100101111000
0000000110100100110111010
0000000110100100111111011
0000000110100101000111101
0000000110100101001111110
0000000110100101011000000
0000000110100101100000010
0000000110100101101000011
0000000110100101110000101
0000000110100101111000110
0000000110100110000001000
0000000110100110001001001
0000000110100110010001011
0000000110100110011001100
