0000000000000000000000000
0000000000000001110100101
0000000000000011101001011
0000000000000101011110000
0000000000000111010010100
0000000000001001000111000
0000000000001010111011011
0000000000001100101111101
0000000000001110100011101
0000000000010000010111100
0000000000010010001011001
0000000000010011111110100
0000000000010101110001110
0000000000010111100100101
0000000000011001010111001
0000000000011011001001011
0000000000011100111011010
0000000000011110101100110
0000000000100000011101111
0000000000100010001110100
0000000000100011111110110
0000000000100101101110101
0000000000100111011101111
0000000000101001001100101
0000000000101010111010111
0000000000101100101000101
0000000000101110010101101
0000000000110000000010001
0000000000110001101110000
0000000000110011011001010
0000000000110101000011110
0000000000110110101101101
0000000000111000010110110
0000000000111001111111010
0000000000111011100110111
0000000000111101001101110
0000000000111110110011111
0000000001000000011001001
0000000001000001111101101
0000000001000011100001010
0000000001000101000011111
0000000001000110100101110
0000000001001000000110101
0000000001001001100110101
0000000001001011000101101
0000000001001100100011101
0000000001001110000000110
0000000001001111011100110
0000000001010000110111110
0000000001010010010001101
0000000001010011101010100
0000000001010101000010010
0000000001010110011001000
0000000001010111101110101
0000000001011001000011000
0000000001011010010110010
0000000001011011101000011
0000000001011100111001010
0000000001011110001000111
0000000001011111010111011
0000000001100000100100101
0000000001100001110000101
0000000001100010111011010
0000000001100100000100110
0000000001100101001100111
0000000001100110010011101
0000000001100111011001001
0000000001101000011101010
0000000001101001100000000
0000000001101010100001011
0000000001101011100001100
0000000001101100100000000
0000000001101101011101010
0000000001101110011001000
0000000001101111010011100
0000000001110000001100010
0000000001110001000011110
0000000001110001111001110
0000000001110010101110010
0000000001110011100001010
0000000001110100010010110
0000000001110101000010110
0000000001110101110001011
0000000001110110011110010
0000000001110111001001101
0000000001110111110011100
0000000001111000011011110
0000000001111001000010100
0000000001111001100111110
0000000001111010001011011
0000000001111010101101011
0000000001111011001101110
0000000001111011101100101
0000000001111100001001110
0000000001111100100101011
0000000001111100111111011
0000000001111101010111101
0000000001111101101110011
0000000001111110000011100
0000000001111110010110111
0000000001111110101000110
0000000001111110111000111
0000000001111111000111011
0000000001111111010100010
0000000001111111011111100
0000000001111111101001000
0000000001111111110001000
0000000001111111110111001
0000000001111111111011110
0000000001111111111110101
0000000001111111111111111
0000000001111111111111100
0000000001111111111101011
0000000001111111111001101
0000000001111111110100010
0000000001111111101101001
0000000001111111100100100
0000000001111111011010001
0000000001111111001110000
0000000001111111000000011
0000000001111110110001000
0000000001111110100000000
0000000001111110001101011
0000000001111101111001001
0000000001111101100011010
0000000001111101001011110
0000000001111100110010101
0000000001111100010111110
0000000001111011111011011
0000000001111011011101011
0000000001111010111101110
0000000001111010011100101
0000000001111001111001110
0000000001111001010101011
0000000001111000101111011
0000000001111000000111111
0000000001110111011110110
0000000001110110110100001
0000000001110110000111111
0000000001110101011010010
0000000001110100101011000
0000000001110011111010010
0000000001110011001000000
0000000001110010010100010
0000000001110001011111000
0000000001110000101000010
0000000001101111110000000
0000000001101110110110100
0000000001101101111011010
0000000001101100111110111
0000000001101100000000111
0000000001101011000001101
0000000001101010000000111
0000000001101000111110110
0000000001100111111011011
0000000001100110110110100
0000000001100101110000011
0000000001100100101000111
0000000001100011100000001
0000000001100010010110001
0000000001100001001010110
0000000001011111111110001
0000000001011110110000010
0000000001011101100001001
0000000001011100010000111
0000000001011010111111011
0000000001011001101100110
0000000001011000011000111
0000000001010111000011111
0000000001010101101101110
0000000001010100010110100
0000000001010010111110010
0000000001010001100100110
0000000001010000001010011
0000000001001110101110111
0000000001001101010010010
0000000001001011110100110
0000000001001010010110010
0000000001001000110110110
0000000001000111010110011
0000000001000101110100111
0000000001000100010010110
0000000001000010101111101
0000000001000001001011100
0000000000111111100110101
0000000000111110000001000
0000000000111100011010100
0000000000111010110011001
0000000000111001001011001
0000000000110111100010010
0000000000110101111000110
0000000000110100001110101
0000000000110010100011110
0000000000110000111000001
0000000000101111001011111
0000000000101101011111001
0000000000101011110001110
0000000000101010000011111
0000000000101000010101011
0000000000100110100110010
0000000000100100110110110
0000000000100011000110110
0000000000100001010110010
0000000000011111100101011
0000000000011101110100001
0000000000011100000010011
0000000000011010010000010
0000000000011000011101111
0000000000010110101011001
0000000000010100111000010
0000000000010011000100111
0000000000010001010001011
0000000000001111011101101
0000000000001101101001101
0000000000001011110101100
0000000000001010000001010
0000000000001000001100110
0000000000000110011000010
0000000000000100100011101
0000000000000010101111000
0000000000000000111010010
1111111111111111000101110
1111111111111101010001000
1111111111111011011100011
1111111111111001100111110
1111111111110111110011010
1111111111110101111110110
1111111111110100001010100
1111111111110010010110011
1111111111110000100010011
1111111111101110101110101
1111111111101100111011001
1111111111101011000111110
1111111111101001010100111
1111111111100111100010001
1111111111100101101111110
1111111111100011111101101
1111111111100010001011111
1111111111100000011010101
1111111111011110101001110
1111111111011100111001010
1111111111011011001001010
1111111111011001011001110
1111111111010111101010101
1111111111010101111100001
1111111111010100001110010
1111111111010010100000111
1111111111010000110100001
1111111111001111000111111
1111111111001101011100010
1111111111001011110001011
1111111111001010000111010
1111111111001000011101110
1111111111000110110100111
1111111111000101001100111
1111111111000011100101100
1111111111000001111111000
1111111111000000011001011
1111111110111110110100100
1111111110111101010000011
1111111110111011101101010
1111111110111010001011001
1111111110111000101001101
1111111110110111001001010
1111111110110101101001110
1111111110110100001011010
1111111110110010101101110
1111111110110001010001001
1111111110101111110101101
1111111110101110011011010
1111111110101101000001110
1111111110101011101001100
1111111110101010010010010
1111111110101000111100001
1111111110100111100111001
1111111110100110010011010
1111111110100101000000101
1111111110100011101111001
1111111110100010011110111
1111111110100001001111110
1111111110100000000001111
1111111110011110110101010
1111111110011101101001111
1111111110011100011111111
1111111110011011010111001
1111111110011010001111101
1111111110011001001001100
1111111110011000000100101
1111111110010111000001010
1111111110010101111111001
1111111110010100111110011
1111111110010011111111001
1111111110010011000001001
1111111110010010000100110
1111111110010001001001100
1111111110010000010000000
1111111110001111010111110
1111111110001110100001000
1111111110001101101011110
1111111110001100111000000
1111111110001100000101110
1111111110001011010101000
1111111110001010100101110
1111111110001001111000001
1111111110001001001011111
1111111110001000100001010
1111111110000111111000001
1111111110000111010000101
1111111110000110101010101
1111111110000110000110010
1111111110000101100011011
1111111110000101000010010
1111111110000100100010101
1111111110000100000100101
1111111110000011101000010
1111111110000011001101011
1111111110000010110100010
1111111110000010011100110
1111111110000010000110111
1111111110000001110010101
1111111110000001100000000
1111111110000001001111000
1111111110000000111111101
1111111110000000110010000
1111111110000000100101111
1111111110000000011011100
1111111110000000010010111
1111111110000000001011110
1111111110000000000110011
1111111110000000000010101
1111111110000000000000100
1111111110000000000000001
1111111110000000000001011
1111111110000000000100010
1111111110000000001000111
1111111110000000001111000
1111111110000000010111000
1111111110000000100000100
1111111110000000101011110
1111111110000000111000101
1111111110000001000111001
1111111110000001010111010
1111111110000001101001001
1111111110000001111100100
1111111110000010010001101
1111111110000010101000011
1111111110000011000000101
1111111110000011011010101
1111111110000011110110010
1111111110000100010011011
1111111110000100110010010
1111111110000101010010101
1111111110000101110100101
1111111110000110011000010
1111111110000110111101100
1111111110000111100100010
1111111110001000001100100
1111111110001000110110011
1111111110001001100001110
1111111110001010001110101
1111111110001010111101010
1111111110001011101101010
1111111110001100011110110
1111111110001101010001110
1111111110001110000110010
1111111110001110111100010
1111111110001111110011110
1111111110010000101100100
1111111110010001100111000
1111111110010010100010110
1111111110010011100000000
1111111110010100011110100
1111111110010101011110101
1111111110010110100000000
1111111110010111100010110
1111111110011000100110111
1111111110011001101100011
1111111110011010110011001
1111111110011011111011010
1111111110011101000100110
1111111110011110001111011
1111111110011111011011011
1111111110100000101000101
1111111110100001110111001
1111111110100011000110110
1111111110100100010111101
1111111110100101101001110
1111111110100110111101000
1111111110101000010001011
1111111110101001100111000
1111111110101010111101110
1111111110101100010101100
1111111110101101101110011
1111111110101111001000010
1111111110110000100011010
1111111110110001111111010
1111111110110011011100011
1111111110110100111010011
1111111110110110011001011
1111111110110111111001011
1111111110111001011010010
1111111110111010111100001
1111111110111100011110110
1111111110111110000010011
1111111110111111100110111
1111111111000001001100001
1111111111000010110010010
1111111111000100011001001
1111111111000110000000110
1111111111000111101001010
1111111111001001010010011
1111111111001010111100010
1111111111001100100110110
1111111111001110010010000
1111111111001111111101111
1111111111010001101010011
1111111111010011010111011
1111111111010101000101001
1111111111010110110011011
1111111111011000100010001
1111111111011010010001011
1111111111011100000001010
1111111111011101110001100
1111111111011111100010001
1111111111100001010011010
1111111111100011000100110
1111111111100100110110101
1111111111100110101000111
1111111111101000011011011
1111111111101010001110010
1111111111101100000001100
1111111111101101110100111
1111111111101111101000100
1111111111110001011100011
1111111111110011010000011
1111111111110101000100101
1111111111110110111001000
1111111111111000101101100
1111111111111010100010000
1111111111111100010110101
1111111111111110001011011
0000001100000000000000000
0000000000000001110100101
0000000000000011101001011
0000000000000101011110000
0000000000000111010010100
0000000000001001000111000
0000000000001010111011011
0000000000001100101111101
0000000000001110100011101
0000000000010000010111100
0000000000010010001011001
0000000000010011111110100
0000000000010101110001110
0000000000010111100100101
0000000000011001010111001
0000000000011011001001011
0000000000011100111011010
0000000000011110101100110
0000000000100000011101111
0000000000100010001110100
0000000000100011111110110
0000000000100101101110101
0000000000100111011101111
0000000000101001001100101
0000000000101010111010111
0000000000101100101000101
0000000000101110010101101
0000000000110000000010001
0000000000110001101110000
0000000000110011011001010
0000000000110101000011110
0000000000110110101101101
0000000000111000010110110
0000000000111001111111010
0000000000111011100110111
0000000000111101001101110
0000000000111110110011111
0000000001000000011001001
0000000001000001111101101
0000000001000011100001010
0000000001000101000011111
0000000001000110100101110
0000000001001000000110101
0000000001001001100110101
0000000001001011000101101
0000000001001100100011101
0000000001001110000000110
0000000001001111011100110
0000000001010000110111110
0000000001010010010001101
0000000001010011101010100
0000000001010101000010010
0000000001010110011001000
0000000001010111101110101
0000000001011001000011000
0000000001011010010110010
0000000001011011101000011
0000000001011100111001010
0000000001011110001000111
0000000001011111010111011
0000000001100000100100101
0000000001100001110000101
0000000001100010111011010
0000000001100100000100110
0000000001100101001100111
0000000001100110010011101
0000000001100111011001001
0000000001101000011101010
0000000001101001100000000
0000000001101010100001011
0000000001101011100001100
0000000001101100100000000
0000000001101101011101010
0000000001101110011001000
0000000001101111010011100
0000000001110000001100010
0000000001110001000011110
0000000001110001111001110
0000000001110010101110010
0000000001110011100001010
0000000001110100010010110
0000000001110101000010110
0000000001110101110001011
0000000001110110011110010
0000000001110111001001101
0000000001110111110011100
0000000001111000011011110
0000000001111001000010100
0000000001111001100111110
0000000001111010001011011
0000000001111010101101011
0000000001111011001101110
0000000001111011101100101
0000000001111100001001110
0000000001111100100101011
0000000001111100111111011
0000000001111101010111101
0000000001111101101110011
0000000001111110000011100
0000000001111110010110111
0000000001111110101000110
0000000001111110111000111
0000000001111111000111011
0000000001111111010100010
0000000001111111011111100
0000000001111111101001000
0000000001111111110001000
0000000001111111110111001
0000000001111111111011110
0000000001111111111110101
0000000001111111111111111
0000000001111111111111100
0000000001111111111101011
0000000001111111111001101
0000000001111111110100010
0000000001111111101101001
0000000001111111100100100
0000000001111111011010001
0000000001111111001110000
0000000001111111000000011
0000000001111110110001000
0000000001111110100000000
0000000001111110001101011
0000000001111101111001001
0000000001111101100011010
0000000001111101001011110
0000000001111100110010101
0000000001111100010111110
0000000001111011111011011
0000000001111011011101011
0000000001111010111101110
0000000001111010011100101
0000000001111001111001110
0000000001111001010101011
0000000001111000101111011
0000000001111000000111111
0000000001110111011110110
0000000001110110110100001
0000000001110110000111111
0000000001110101011010010
0000000001110100101011000
0000000001110011111010010
0000000001110011001000000
0000000001110010010100010
0000000001110001011111000
0000000001110000101000010
0000000001101111110000000
0000000001101110110110100
0000000001101101111011010
0000000001101100111110111
0000000001101100000000111
0000000001101011000001101
0000000001101010000000111
0000000001101000111110110
0000000001100111111011011
0000000001100110110110100
0000000001100101110000011
0000000001100100101000111
0000000001100011100000001
0000000001100010010110001
0000000001100001001010110
0000000001011111111110001
0000000001011110110000010
0000000001011101100001001
0000000001011100010000111
0000000001011010111111011
0000000001011001101100110
0000000001011000011000111
0000000001010111000011111
0000000001010101101101110
0000000001010100010110100
0000000001010010111110010
0000000001010001100100110
0000000001010000001010011
0000000001001110101110111
0000000001001101010010010
0000000001001011110100110
0000000001001010010110010
0000000001001000110110110
0000000001000111010110011
0000000001000101110100111
0000000001000100010010110
0000000001000010101111101
0000000001000001001011100
0000000000111111100110101
0000000000111110000001000
0000000000111100011010100
0000000000111010110011001
0000000000111001001011001
0000000000110111100010010
0000000000110101111000110
0000000000110100001110101
0000000000110010100011110
0000000000110000111000001
0000000000101111001011111
0000000000101101011111001
0000000000101011110001110
0000000000101010000011111
0000000000101000010101011
0000000000100110100110010
0000000000100100110110110
0000000000100011000110110
0000000000100001010110010
0000000000011111100101011
0000000000011101110100001
0000000000011100000010011
0000000000011010010000010
0000000000011000011101111
0000000000010110101011001
0000000000010100111000010
0000000000010011000100111
0000000000010001010001011
0000000000001111011101101
0000000000001101101001101
0000000000001011110101100
0000000000001010000001010
0000000000001000001100110
0000000000000110011000010
0000000000000100100011101
0000000000000010101111000
0000000000000000111010010
1111111111111111000101110
1111111111111101010001000
1111111111111011011100011
1111111111111001100111110
1111111111110111110011010
1111111111110101111110110
1111111111110100001010100
1111111111110010010110011
1111111111110000100010011
1111111111101110101110101
1111111111101100111011001
1111111111101011000111110
1111111111101001010100111
1111111111100111100010001
1111111111100101101111110
1111111111100011111101101
1111111111100010001011111
1111111111100000011010101
1111111111011110101001110
1111111111011100111001010
1111111111011011001001010
1111111111011001011001110
1111111111010111101010101
1111111111010101111100001
1111111111010100001110010
1111111111010010100000111
1111111111010000110100001
1111111111001111000111111
1111111111001101011100010
1111111111001011110001011
1111111111001010000111010
1111111111001000011101110
1111111111000110110100111
1111111111000101001100111
1111111111000011100101100
1111111111000001111111000
1111111111000000011001011
1111111110111110110100100
1111111110111101010000011
1111111110111011101101010
1111111110111010001011001
1111111110111000101001101
1111111110110111001001010
1111111110110101101001110
1111111110110100001011010
1111111110110010101101110
1111111110110001010001001
1111111110101111110101101
1111111110101110011011010
1111111110101101000001110
1111111110101011101001100
1111111110101010010010010
1111111110101000111100001
1111111110100111100111001
1111111110100110010011010
1111111110100101000000101
1111111110100011101111001
1111111110100010011110111
1111111110100001001111110
1111111110100000000001111
1111111110011110110101010
1111111110011101101001111
1111111110011100011111111
1111111110011011010111001
1111111110011010001111101
1111111110011001001001100
1111111110011000000100101
1111111110010111000001010
1111111110010101111111001
1111111110010100111110011
1111111110010011111111001
1111111110010011000001001
1111111110010010000100110
1111111110010001001001100
1111111110010000010000000
1111111110001111010111110
1111111110001110100001000
1111111110001101101011110
1111111110001100111000000
1111111110001100000101110
1111111110001011010101000
1111111110001010100101110
1111111110001001111000001
1111111110001001001011111
1111111110001000100001010
1111111110000111111000001
1111111110000111010000101
1111111110000110101010101
1111111110000110000110010
1111111110000101100011011
1111111110000101000010010
1111111110000100100010101
1111111110000100000100101
1111111110000011101000010
1111111110000011001101011
1111111110000010110100010
1111111110000010011100110
1111111110000010000110111
1111111110000001110010101
1111111110000001100000000
1111111110000001001111000
1111111110000000111111101
1111111110000000110010000
1111111110000000100101111
1111111110000000011011100
1111111110000000010010111
1111111110000000001011110
1111111110000000000110011
1111111110000000000010101
1111111110000000000000100
1111111110000000000000001
1111111110000000000001011
1111111110000000000100010
1111111110000000001000111
1111111110000000001111000
1111111110000000010111000
1111111110000000100000100
1111111110000000101011110
1111111110000000111000101
1111111110000001000111001
1111111110000001010111010
1111111110000001101001001
1111111110000001111100100
1111111110000010010001101
1111111110000010101000011
1111111110000011000000101
1111111110000011011010101
1111111110000011110110010
1111111110000100010011011
1111111110000100110010010
1111111110000101010010101
1111111110000101110100101
1111111110000110011000010
1111111110000110111101100
1111111110000111100100010
1111111110001000001100100
1111111110001000110110011
1111111110001001100001110
1111111110001010001110101
1111111110001010111101010
1111111110001011101101010
1111111110001100011110110
1111111110001101010001110
1111111110001110000110010
1111111110001110111100010
1111111110001111110011110
1111111110010000101100100
1111111110010001100111000
1111111110010010100010110
1111111110010011100000000
1111111110010100011110100
1111111110010101011110101
1111111110010110100000000
1111111110010111100010110
1111111110011000100110111
1111111110011001101100011
1111111110011010110011001
1111111110011011111011010
1111111110011101000100110
1111111110011110001111011
1111111110011111011011011
1111111110100000101000101
1111111110100001110111001
1111111110100011000110110
1111111110100100010111101
1111111110100101101001110
1111111110100110111101000
1111111110101000010001011
1111111110101001100111000
1111111110101010111101110
1111111110101100010101100
1111111110101101101110011
1111111110101111001000010
1111111110110000100011010
1111111110110001111111010
1111111110110011011100011
1111111110110100111010011
1111111110110110011001011
1111111110110111111001011
1111111110111001011010010
1111111110111010111100001
1111111110111100011110110
1111111110111110000010011
1111111110111111100110111
1111111111000001001100001
1111111111000010110010010
1111111111000100011001001
1111111111000110000000110
1111111111000111101001010
1111111111001001010010011
1111111111001010111100010
1111111111001100100110110
1111111111001110010010000
1111111111001111111101111
1111111111010001101010011
1111111111010011010111011
1111111111010101000101001
1111111111010110110011011
1111111111011000100010001
1111111111011010010001011
1111111111011100000001010
1111111111011101110001100
1111111111011111100010001
1111111111100001010011010
1111111111100011000100110
1111111111100100110110101
1111111111100110101000111
1111111111101000011011011
1111111111101010001110010
1111111111101100000001100
1111111111101101110100111
1111111111101111101000100
1111111111110001011100011
1111111111110011010000011
1111111111110101000100101
1111111111110110111001000
1111111111111000101101100
1111111111111010100010000
1111111111111100010110101
1111111111111110001011011
0000000010000000000000000
0000000000000001110100101
0000000000000011101001011
0000000000000101011110000
0000000000000111010010100
0000000000001001000111000
0000000000001010111011011
0000000000001100101111101
0000000000001110100011101
0000000000010000010111100
0000000000010010001011001
0000000000010011111110100
0000000000010101110001110
0000000000010111100100101
0000000000011001010111001
0000000000011011001001011
0000000000011100111011010
0000000000011110101100110
0000000000100000011101111
0000000000100010001110100
0000000000100011111110110
0000000000100101101110101
0000000000100111011101111
0000000000101001001100101
0000000000101010111010111
0000000000101100101000101
0000000000101110010101101
0000000000110000000010001
0000000000110001101110000
0000000000110011011001010
0000000000110101000011110
0000000000110110101101101
0000000000111000010110110
0000000000111001111111010
0000000000111011100110111
0000000000111101001101110
0000000000111110110011111
0000000001000000011001001
0000000001000001111101101
0000000001000011100001010
0000000001000101000011111
0000000001000110100101110
0000000001001000000110101
0000000001001001100110101
0000000001001011000101101
0000000001001100100011101
0000000001001110000000110
0000000001001111011100110
0000000001010000110111110
0000000001010010010001101
0000000001010011101010100
0000000001010101000010010
0000000001010110011001000
0000000001010111101110101
0000000001011001000011000
0000000001011010010110010
0000000001011011101000011
0000000001011100111001010
0000000001011110001000111
0000000001011111010111011
0000000001100000100100101
0000000001100001110000101
0000000001100010111011010
0000000001100100000100110
0000000001100101001100111
0000000001100110010011101
0000000001100111011001001
0000000001101000011101010
0000000001101001100000000
0000000001101010100001011
0000000001101011100001100
0000000001101100100000000
0000000001101101011101010
0000000001101110011001000
0000000001101111010011100
0000000001110000001100010
0000000001110001000011110
0000000001110001111001110
0000000001110010101110010
0000000001110011100001010
0000000001110100010010110
0000000001110101000010110
0000000001110101110001011
0000000001110110011110010
0000000001110111001001101
0000000001110111110011100
0000000001111000011011110
0000000001111001000010100
0000000001111001100111110
0000000001111010001011011
0000000001111010101101011
0000000001111011001101110
0000000001111011101100101
0000000001111100001001110
0000000001111100100101011
0000000001111100111111011
0000000001111101010111101
0000000001111101101110011
0000000001111110000011100
0000000001111110010110111
0000000001111110101000110
0000000001111110111000111
0000000001111111000111011
0000000001111111010100010
0000000001111111011111100
0000000001111111101001000
0000000001111111110001000
0000000001111111110111001
0000000001111111111011110
0000000001111111111110101
0000000001111111111111111
0000000001111111111111100
0000000001111111111101011
0000000001111111111001101
0000000001111111110100010
0000000001111111101101001
0000000001111111100100100
0000000001111111011010001
0000000001111111001110000
0000000001111111000000011
0000000001111110110001000
0000000001111110100000000
0000000001111110001101011
0000000001111101111001001
0000000001111101100011010
0000000001111101001011110
0000000001111100110010101
0000000001111100010111110
0000000001111011111011011
0000000001111011011101011
0000000001111010111101110
0000000001111010011100101
0000000001111001111001110
0000000001111001010101011
0000000001111000101111011
0000000001111000000111111
0000000001110111011110110
0000000001110110110100001
0000000001110110000111111
0000000001110101011010010
0000000001110100101011000
0000000001110011111010010
0000000001110011001000000
0000000001110010010100010
0000000001110001011111000
0000000001110000101000010
0000000001101111110000000
0000000001101110110110100
0000000001101101111011010
0000000001101100111110111
0000000001101100000000111
0000000001101011000001101
0000000001101010000000111
0000000001101000111110110
0000000001100111111011011
0000000001100110110110100
0000000001100101110000011
0000000001100100101000111
0000000001100011100000001
0000000001100010010110001
0000000001100001001010110
0000000001011111111110001
0000000001011110110000010
0000000001011101100001001
0000000001011100010000111
0000000001011010111111011
0000000001011001101100110
0000000001011000011000111
0000000001010111000011111
0000000001010101101101110
0000000001010100010110100
0000000001010010111110010
0000000001010001100100110
0000000001010000001010011
0000000001001110101110111
0000000001001101010010010
0000000001001011110100110
0000000001001010010110010
0000000001001000110110110
0000000001000111010110011
0000000001000101110100111
0000000001000100010010110
0000000001000010101111101
0000000001000001001011100
0000000000111111100110101
0000000000111110000001000
0000000000111100011010100
0000000000111010110011001
0000000000111001001011001
0000000000110111100010010
0000000000110101111000110
0000000000110100001110101
0000000000110010100011110
0000000000110000111000001
0000000000101111001011111
0000000000101101011111001
0000000000101011110001110
0000000000101010000011111
0000000000101000010101011
0000000000100110100110010
0000000000100100110110110
0000000000100011000110110
0000000000100001010110010
0000000000011111100101011
0000000000011101110100001
0000000000011100000010011
0000000000011010010000010
0000000000011000011101111
0000000000010110101011001
0000000000010100111000010
0000000000010011000100111
0000000000010001010001011
0000000000001111011101101
0000000000001101101001101
0000000000001011110101100
0000000000001010000001010
0000000000001000001100110
0000000000000110011000010
0000000000000100100011101
0000000000000010101111000
0000000000000000111010010
1111111111111111000101110
1111111111111101010001000
1111111111111011011100011
1111111111111001100111110
1111111111110111110011010
1111111111110101111110110
1111111111110100001010100
1111111111110010010110011
1111111111110000100010011
1111111111101110101110101
1111111111101100111011001
1111111111101011000111110
1111111111101001010100111
1111111111100111100010001
1111111111100101101111110
1111111111100011111101101
1111111111100010001011111
1111111111100000011010101
1111111111011110101001110
1111111111011100111001010
1111111111011011001001010
1111111111011001011001110
1111111111010111101010101
1111111111010101111100001
1111111111010100001110010
1111111111010010100000111
1111111111010000110100001
1111111111001111000111111
1111111111001101011100010
1111111111001011110001011
1111111111001010000111010
1111111111001000011101110
1111111111000110110100111
1111111111000101001100111
1111111111000011100101100
1111111111000001111111000
1111111111000000011001011
1111111110111110110100100
1111111110111101010000011
1111111110111011101101010
1111111110111010001011001
1111111110111000101001101
1111111110110111001001010
1111111110110101101001110
1111111110110100001011010
1111111110110010101101110
1111111110110001010001001
1111111110101111110101101
1111111110101110011011010
1111111110101101000001110
1111111110101011101001100
1111111110101010010010010
1111111110101000111100001
1111111110100111100111001
1111111110100110010011010
1111111110100101000000101
1111111110100011101111001
1111111110100010011110111
1111111110100001001111110
1111111110100000000001111
1111111110011110110101010
1111111110011101101001111
1111111110011100011111111
1111111110011011010111001
1111111110011010001111101
1111111110011001001001100
1111111110011000000100101
1111111110010111000001010
1111111110010101111111001
1111111110010100111110011
1111111110010011111111001
1111111110010011000001001
1111111110010010000100110
1111111110010001001001100
1111111110010000010000000
1111111110001111010111110
1111111110001110100001000
1111111110001101101011110
1111111110001100111000000
1111111110001100000101110
1111111110001011010101000
1111111110001010100101110
1111111110001001111000001
1111111110001001001011111
1111111110001000100001010
1111111110000111111000001
1111111110000111010000101
1111111110000110101010101
1111111110000110000110010
1111111110000101100011011
1111111110000101000010010
1111111110000100100010101
1111111110000100000100101
1111111110000011101000010
1111111110000011001101011
1111111110000010110100010
1111111110000010011100110
1111111110000010000110111
1111111110000001110010101
1111111110000001100000000
1111111110000001001111000
1111111110000000111111101
1111111110000000110010000
1111111110000000100101111
1111111110000000011011100
1111111110000000010010111
1111111110000000001011110
1111111110000000000110011
1111111110000000000010101
1111111110000000000000100
1111111110000000000000001
1111111110000000000001011
1111111110000000000100010
1111111110000000001000111
1111111110000000001111000
1111111110000000010111000
1111111110000000100000100
1111111110000000101011110
1111111110000000111000101
1111111110000001000111001
1111111110000001010111010
1111111110000001101001001
1111111110000001111100100
1111111110000010010001101
1111111110000010101000011
1111111110000011000000101
1111111110000011011010101
1111111110000011110110010
1111111110000100010011011
1111111110000100110010010
1111111110000101010010101
1111111110000101110100101
1111111110000110011000010
1111111110000110111101100
1111111110000111100100010
1111111110001000001100100
1111111110001000110110011
1111111110001001100001110
1111111110001010001110101
1111111110001010111101010
1111111110001011101101010
1111111110001100011110110
1111111110001101010001110
1111111110001110000110010
1111111110001110111100010
1111111110001111110011110
1111111110010000101100100
1111111110010001100111000
1111111110010010100010110
1111111110010011100000000
1111111110010100011110100
1111111110010101011110101
1111111110010110100000000
1111111110010111100010110
1111111110011000100110111
1111111110011001101100011
1111111110011010110011001
1111111110011011111011010
1111111110011101000100110
1111111110011110001111011
1111111110011111011011011
1111111110100000101000101
1111111110100001110111001
1111111110100011000110110
1111111110100100010111101
1111111110100101101001110
1111111110100110111101000
1111111110101000010001011
1111111110101001100111000
1111111110101010111101110
1111111110101100010101100
1111111110101101101110011
1111111110101111001000010
1111111110110000100011010
1111111110110001111111010
1111111110110011011100011
1111111110110100111010011
1111111110110110011001011
1111111110110111111001011
1111111110111001011010010
1111111110111010111100001
1111111110111100011110110
1111111110111110000010011
1111111110111111100110111
1111111111000001001100001
1111111111000010110010010
1111111111000100011001001
1111111111000110000000110
1111111111000111101001010
1111111111001001010010011
1111111111001010111100010
1111111111001100100110110
1111111111001110010010000
1111111111001111111101111
1111111111010001101010011
1111111111010011010111011
1111111111010101000101001
1111111111010110110011011
1111111111011000100010001
1111111111011010010001011
1111111111011100000001010
1111111111011101110001100
1111111111011111100010001
1111111111100001010011010
1111111111100011000100110
1111111111100100110110101
1111111111100110101000111
1111111111101000011011011
1111111111101010001110010
1111111111101100000001100
1111111111101101110100111
1111111111101111101000100
1111111111110001011100011
1111111111110011010000011
1111111111110101000100101
1111111111110110111001000
1111111111111000101101100
1111111111111010100010000
1111111111111100010110101
1111111111111110001011011
1111110010000000000000000
0000000000000001110100101
0000000000000011101001011
0000000000000101011110000
0000000000000111010010100
0000000000001001000111000
0000000000001010111011011
0000000000001100101111101
0000000000001110100011101
0000000000010000010111100
0000000000010010001011001
0000000000010011111110100
0000000000010101110001110
0000000000010111100100101
0000000000011001010111001
0000000000011011001001011
0000000000011100111011010
0000000000011110101100110
0000000000100000011101111
0000000000100010001110100
0000000000100011111110110
0000000000100101101110101
0000000000100111011101111
0000000000101001001100101
0000000000101010111010111
0000000000101100101000101
0000000000101110010101101
0000000000110000000010001
0000000000110001101110000
0000000000110011011001010
0000000000110101000011110
0000000000110110101101101
0000000000111000010110110
0000000000111001111111010
0000000000111011100110111
0000000000111101001101110
0000000000111110110011111
0000000001000000011001001
0000000001000001111101101
0000000001000011100001010
0000000001000101000011111
0000000001000110100101110
0000000001001000000110101
0000000001001001100110101
0000000001001011000101101
0000000001001100100011101
0000000001001110000000110
0000000001001111011100110
0000000001010000110111110
0000000001010010010001101
0000000001010011101010100
0000000001010101000010010
0000000001010110011001000
0000000001010111101110101
0000000001011001000011000
0000000001011010010110010
0000000001011011101000011
0000000001011100111001010
0000000001011110001000111
0000000001011111010111011
0000000001100000100100101
0000000001100001110000101
0000000001100010111011010
0000000001100100000100110
0000000001100101001100111
0000000001100110010011101
0000000001100111011001001
0000000001101000011101010
0000000001101001100000000
0000000001101010100001011
0000000001101011100001100
0000000001101100100000000
0000000001101101011101010
0000000001101110011001000
0000000001101111010011100
0000000001110000001100010
0000000001110001000011110
0000000001110001111001110
0000000001110010101110010
0000000001110011100001010
0000000001110100010010110
0000000001110101000010110
0000000001110101110001011
0000000001110110011110010
0000000001110111001001101
0000000001110111110011100
0000000001111000011011110
0000000001111001000010100
0000000001111001100111110
0000000001111010001011011
0000000001111010101101011
0000000001111011001101110
0000000001111011101100101
0000000001111100001001110
0000000001111100100101011
0000000001111100111111011
0000000001111101010111101
0000000001111101101110011
0000000001111110000011100
0000000001111110010110111
0000000001111110101000110
0000000001111110111000111
0000000001111111000111011
0000000001111111010100010
0000000001111111011111100
0000000001111111101001000
0000000001111111110001000
0000000001111111110111001
0000000001111111111011110
0000000001111111111110101
0000000001111111111111111
0000000001111111111111100
0000000001111111111101011
0000000001111111111001101
0000000001111111110100010
0000000001111111101101001
0000000001111111100100100
0000000001111111011010001
0000000001111111001110000
0000000001111111000000011
0000000001111110110001000
0000000001111110100000000
0000000001111110001101011
0000000001111101111001001
0000000001111101100011010
0000000001111101001011110
0000000001111100110010101
0000000001111100010111110
0000000001111011111011011
0000000001111011011101011
0000000001111010111101110
0000000001111010011100101
0000000001111001111001110
0000000001111001010101011
0000000001111000101111011
0000000001111000000111111
0000000001110111011110110
0000000001110110110100001
0000000001110110000111111
0000000001110101011010010
0000000001110100101011000
0000000001110011111010010
0000000001110011001000000
0000000001110010010100010
0000000001110001011111000
0000000001110000101000010
0000000001101111110000000
0000000001101110110110100
0000000001101101111011010
0000000001101100111110111
0000000001101100000000111
0000000001101011000001101
0000000001101010000000111
0000000001101000111110110
0000000001100111111011011
0000000001100110110110100
0000000001100101110000011
0000000001100100101000111
0000000001100011100000001
0000000001100010010110001
0000000001100001001010110
0000000001011111111110001
0000000001011110110000010
0000000001011101100001001
0000000001011100010000111
0000000001011010111111011
0000000001011001101100110
0000000001011000011000111
0000000001010111000011111
0000000001010101101101110
0000000001010100010110100
0000000001010010111110010
0000000001010001100100110
0000000001010000001010011
0000000001001110101110111
0000000001001101010010010
0000000001001011110100110
0000000001001010010110010
0000000001001000110110110
0000000001000111010110011
0000000001000101110100111
0000000001000100010010110
0000000001000010101111101
0000000001000001001011100
0000000000111111100110101
0000000000111110000001000
0000000000111100011010100
0000000000111010110011001
0000000000111001001011001
0000000000110111100010010
0000000000110101111000110
0000000000110100001110101
0000000000110010100011110
0000000000110000111000001
0000000000101111001011111
0000000000101101011111001
0000000000101011110001110
0000000000101010000011111
0000000000101000010101011
0000000000100110100110010
0000000000100100110110110
0000000000100011000110110
0000000000100001010110010
0000000000011111100101011
0000000000011101110100001
0000000000011100000010011
0000000000011010010000010
0000000000011000011101111
0000000000010110101011001
0000000000010100111000010
0000000000010011000100111
0000000000010001010001011
0000000000001111011101101
0000000000001101101001101
0000000000001011110101100
0000000000001010000001010
0000000000001000001100110
0000000000000110011000010
0000000000000100100011101
0000000000000010101111000
0000000000000000111010010
1111111111111111000101110
1111111111111101010001000
1111111111111011011100011
1111111111111001100111110
1111111111110111110011010
1111111111110101111110110
1111111111110100001010100
1111111111110010010110011
1111111111110000100010011
1111111111101110101110101
1111111111101100111011001
1111111111101011000111110
1111111111101001010100111
1111111111100111100010001
1111111111100101101111110
1111111111100011111101101
1111111111100010001011111
1111111111100000011010101
1111111111011110101001110
1111111111011100111001010
1111111111011011001001010
1111111111011001011001110
1111111111010111101010101
1111111111010101111100001
1111111111010100001110010
1111111111010010100000111
1111111111010000110100001
1111111111001111000111111
1111111111001101011100010
1111111111001011110001011
1111111111001010000111010
1111111111001000011101110
1111111111000110110100111
1111111111000101001100111
1111111111000011100101100
1111111111000001111111000
1111111111000000011001011
1111111110111110110100100
1111111110111101010000011
1111111110111011101101010
1111111110111010001011001
1111111110111000101001101
1111111110110111001001010
1111111110110101101001110
1111111110110100001011010
1111111110110010101101110
1111111110110001010001001
1111111110101111110101101
1111111110101110011011010
1111111110101101000001110
1111111110101011101001100
1111111110101010010010010
1111111110101000111100001
1111111110100111100111001
1111111110100110010011010
1111111110100101000000101
1111111110100011101111001
1111111110100010011110111
1111111110100001001111110
1111111110100000000001111
1111111110011110110101010
1111111110011101101001111
1111111110011100011111111
1111111110011011010111001
1111111110011010001111101
1111111110011001001001100
1111111110011000000100101
1111111110010111000001010
1111111110010101111111001
1111111110010100111110011
1111111110010011111111001
1111111110010011000001001
1111111110010010000100110
1111111110010001001001100
1111111110010000010000000
1111111110001111010111110
1111111110001110100001000
1111111110001101101011110
1111111110001100111000000
1111111110001100000101110
1111111110001011010101000
1111111110001010100101110
1111111110001001111000001
1111111110001001001011111
1111111110001000100001010
1111111110000111111000001
1111111110000111010000101
1111111110000110101010101
1111111110000110000110010
1111111110000101100011011
1111111110000101000010010
1111111110000100100010101
1111111110000100000100101
1111111110000011101000010
1111111110000011001101011
1111111110000010110100010
1111111110000010011100110
1111111110000010000110111
1111111110000001110010101
1111111110000001100000000
1111111110000001001111000
1111111110000000111111101
1111111110000000110010000
1111111110000000100101111
1111111110000000011011100
1111111110000000010010111
1111111110000000001011110
1111111110000000000110011
1111111110000000000010101
1111111110000000000000100
1111111110000000000000001
1111111110000000000001011
1111111110000000000100010
1111111110000000001000111
1111111110000000001111000
1111111110000000010111000
1111111110000000100000100
1111111110000000101011110
1111111110000000111000101
1111111110000001000111001
1111111110000001010111010
1111111110000001101001001
1111111110000001111100100
1111111110000010010001101
1111111110000010101000011
1111111110000011000000101
1111111110000011011010101
1111111110000011110110010
1111111110000100010011011
1111111110000100110010010
1111111110000101010010101
1111111110000101110100101
1111111110000110011000010
1111111110000110111101100
1111111110000111100100010
1111111110001000001100100
1111111110001000110110011
1111111110001001100001110
1111111110001010001110101
1111111110001010111101010
1111111110001011101101010
1111111110001100011110110
1111111110001101010001110
1111111110001110000110010
1111111110001110111100010
1111111110001111110011110
1111111110010000101100100
1111111110010001100111000
1111111110010010100010110
1111111110010011100000000
1111111110010100011110100
1111111110010101011110101
1111111110010110100000000
1111111110010111100010110
1111111110011000100110111
1111111110011001101100011
1111111110011010110011001
1111111110011011111011010
1111111110011101000100110
1111111110011110001111011
1111111110011111011011011
1111111110100000101000101
1111111110100001110111001
1111111110100011000110110
1111111110100100010111101
1111111110100101101001110
1111111110100110111101000
1111111110101000010001011
1111111110101001100111000
1111111110101010111101110
1111111110101100010101100
1111111110101101101110011
1111111110101111001000010
1111111110110000100011010
1111111110110001111111010
1111111110110011011100011
1111111110110100111010011
1111111110110110011001011
1111111110110111111001011
1111111110111001011010010
1111111110111010111100001
1111111110111100011110110
1111111110111110000010011
1111111110111111100110111
1111111111000001001100001
1111111111000010110010010
1111111111000100011001001
1111111111000110000000110
1111111111000111101001010
1111111111001001010010011
1111111111001010111100010
1111111111001100100110110
1111111111001110010010000
1111111111001111111101111
1111111111010001101010011
1111111111010011010111011
1111111111010101000101001
1111111111010110110011011
1111111111011000100010001
1111111111011010010001011
1111111111011100000001010
1111111111011101110001100
1111111111011111100010001
1111111111100001010011010
1111111111100011000100110
1111111111100100110110101
1111111111100110101000111
1111111111101000011011011
1111111111101010001110010
1111111111101100000001100
1111111111101101110100111
1111111111101111101000100
1111111111110001011100011
1111111111110011010000011
1111111111110101000100101
1111111111110110111001000
1111111111111000101101100
1111111111111010100010000
1111111111111100010110101
1111111111111110001011011
0000000100000000000000000
0000000000000001110100101
0000000000000011101001011
0000000000000101011110000
0000000000000111010010100
0000000000001001000111000
0000000000001010111011011
0000000000001100101111101
0000000000001110100011101
0000000000010000010111100
0000000000010010001011001
0000000000010011111110100
0000000000010101110001110
0000000000010111100100101
0000000000011001010111001
0000000000011011001001011
0000000000011100111011010
0000000000011110101100110
0000000000100000011101111
0000000000100010001110100
0000000000100011111110110
0000000000100101101110101
0000000000100111011101111
0000000000101001001100101
0000000000101010111010111
0000000000101100101000101
0000000000101110010101101
0000000000110000000010001
0000000000110001101110000
0000000000110011011001010
0000000000110101000011110
0000000000110110101101101
0000000000111000010110110
0000000000111001111111010
0000000000111011100110111
0000000000111101001101110
0000000000111110110011111
0000000001000000011001001
0000000001000001111101101
0000000001000011100001010
0000000001000101000011111
0000000001000110100101110
0000000001001000000110101
0000000001001001100110101
0000000001001011000101101
0000000001001100100011101
0000000001001110000000110
0000000001001111011100110
0000000001010000110111110
0000000001010010010001101
0000000001010011101010100
0000000001010101000010010
0000000001010110011001000
0000000001010111101110101
0000000001011001000011000
0000000001011010010110010
0000000001011011101000011
0000000001011100111001010
0000000001011110001000111
0000000001011111010111011
0000000001100000100100101
0000000001100001110000101
0000000001100010111011010
0000000001100100000100110
0000000001100101001100111
0000000001100110010011101
0000000001100111011001001
0000000001101000011101010
0000000001101001100000000
0000000001101010100001011
0000000001101011100001100
0000000001101100100000000
0000000001101101011101010
0000000001101110011001000
0000000001101111010011100
0000000001110000001100010
0000000001110001000011110
0000000001110001111001110
0000000001110010101110010
0000000001110011100001010
0000000001110100010010110
0000000001110101000010110
0000000001110101110001011
0000000001110110011110010
0000000001110111001001101
0000000001110111110011100
0000000001111000011011110
0000000001111001000010100
0000000001111001100111110
0000000001111010001011011
0000000001111010101101011
0000000001111011001101110
0000000001111011101100101
0000000001111100001001110
0000000001111100100101011
0000000001111100111111011
0000000001111101010111101
0000000001111101101110011
0000000001111110000011100
0000000001111110010110111
0000000001111110101000110
0000000001111110111000111
0000000001111111000111011
0000000001111111010100010
0000000001111111011111100
0000000001111111101001000
0000000001111111110001000
0000000001111111110111001
0000000001111111111011110
0000000001111111111110101
0000000001111111111111111
0000000001111111111111100
0000000001111111111101011
0000000001111111111001101
0000000001111111110100010
0000000001111111101101001
0000000001111111100100100
0000000001111111011010001
0000000001111111001110000
0000000001111111000000011
0000000001111110110001000
0000000001111110100000000
0000000001111110001101011
0000000001111101111001001
0000000001111101100011010
0000000001111101001011110
0000000001111100110010101
0000000001111100010111110
0000000001111011111011011
0000000001111011011101011
0000000001111010111101110
0000000001111010011100101
0000000001111001111001110
0000000001111001010101011
0000000001111000101111011
0000000001111000000111111
0000000001110111011110110
0000000001110110110100001
0000000001110110000111111
0000000001110101011010010
0000000001110100101011000
0000000001110011111010010
0000000001110011001000000
0000000001110010010100010
0000000001110001011111000
0000000001110000101000010
0000000001101111110000000
0000000001101110110110100
0000000001101101111011010
0000000001101100111110111
0000000001101100000000111
0000000001101011000001101
0000000001101010000000111
0000000001101000111110110
0000000001100111111011011
0000000001100110110110100
0000000001100101110000011
0000000001100100101000111
0000000001100011100000001
0000000001100010010110001
0000000001100001001010110
0000000001011111111110001
0000000001011110110000010
0000000001011101100001001
0000000001011100010000111
0000000001011010111111011
0000000001011001101100110
0000000001011000011000111
0000000001010111000011111
0000000001010101101101110
0000000001010100010110100
0000000001010010111110010
0000000001010001100100110
0000000001010000001010011
0000000001001110101110111
0000000001001101010010010
0000000001001011110100110
0000000001001010010110010
0000000001001000110110110
0000000001000111010110011
0000000001000101110100111
0000000001000100010010110
0000000001000010101111101
0000000001000001001011100
0000000000111111100110101
0000000000111110000001000
0000000000111100011010100
0000000000111010110011001
0000000000111001001011001
0000000000110111100010010
0000000000110101111000110
0000000000110100001110101
0000000000110010100011110
0000000000110000111000001
0000000000101111001011111
0000000000101101011111001
0000000000101011110001110
0000000000101010000011111
0000000000101000010101011
0000000000100110100110010
0000000000100100110110110
0000000000100011000110110
0000000000100001010110010
0000000000011111100101011
0000000000011101110100001
0000000000011100000010011
0000000000011010010000010
0000000000011000011101111
0000000000010110101011001
0000000000010100111000010
0000000000010011000100111
0000000000010001010001011
0000000000001111011101101
0000000000001101101001101
0000000000001011110101100
0000000000001010000001010
0000000000001000001100110
0000000000000110011000010
0000000000000100100011101
0000000000000010101111000
0000000000000000111010010
1111111111111111000101110
1111111111111101010001000
1111111111111011011100011
1111111111111001100111110
1111111111110111110011010
1111111111110101111110110
1111111111110100001010100
1111111111110010010110011
1111111111110000100010011
1111111111101110101110101
1111111111101100111011001
1111111111101011000111110
1111111111101001010100111
1111111111100111100010001
1111111111100101101111110
1111111111100011111101101
