0000000000000000000000000
0000000001010011101010100
0000000001111110101000110
0000000001101100000000111
0000000000100100110110110
1111111111001011110001011
1111111110001100000101110
1111111110000100110010010
1111111110111001011010010
0000000000010000010111100
0000000001011111010111011
0000000001111111111110101
0000000001100010010110001
0000000000010100111000010
1111111110111101010000011
1111111110000110000110010
1111111110001010001110101
1111111111000111101001010
0000000000100000011101111
0000000001101001100000000
0000000001111111001110000
0000000001010111000011111
0000000000000100100011101
1111111110101111110101101
1111111110000010000110111
1111111110010001100111000
1111111111010110110011011
0000000000110000000010001
0000000001110001111001110
0000000001111100010111110
0000000001001010010110010
1111111111110100001010100
1111111110100011101111001
1111111110000000001011110
1111111110011010110011001
1111111111100110101000111
0000000000111110110011111
0000000001111000011011110
0000000001110111011110110
0000000000111100011010100
1111111111100011111101101
1111111110011001001001100
1111111110000000010111000
1111111110100101101001110
1111111111110110111001000
0000000001001100100011101
0000000001111100111111011
0000000001110000101000010
0000000000101101011111001
1111111111010100001110010
1111111110010000010000000
1111111110000010101000011
1111111110110001111111010
0000000000000111010010100
0000000001011001000011000
0000000001111111011111100
0000000001100111111011011
0000000000011101110100001
1111111111000101001100111
1111111110001001001011111
1111111110000110111101100
1111111110111111100110111
0000000000010111100100101
0000000001100100000100110
0000000001111111111001101
0000000001011101100001001
0000000000001101101001101
1111111110110111001001010
1111111110000100000100101
1111111110001101010001110
1111111111001110010010000
0000000000100111011101111
0000000001101101011101010
0000000001111110001101011
0000000001010001100100110
1111111111111101010001000
1111111110101010010010010
1111111110000000111111101
1111111110010101011110101
1111111111011101110001100
0000000000110110101101101
0000000001110101000010110
0000000001111010011100101
0000000001000100010010110
1111111111101100111011001
1111111110011110110101010
1111111110000000000000001
1111111110011111011011011
1111111111101101110100111
0000000001000101000011111
0000000001111010101101011
0000000001110100101011000
0000000000110101111000110
1111111111011100111001010
1111111110010100111110011
1111111110000001000111001
1111111110101010111101110
1111111111111110001011011
0000000001010010010001101
0000000001111110010110111
0000000001101100111110111
0000000000100110100110010
1111111111001101011100010
1111111110001100111000000
1111111110000100010011011
1111111110110111111001011
0000000000001110100011101
0000000001011110001000111
0000000001111111111011110
0000000001100011100000001
0000000000010110101011001
1111111110111110110100100
1111111110000110101010101
1111111110001001100001110
1111111111000110000000110
0000000000011110101100110
0000000001101000011101010
0000000001111111011010001
0000000001011000011000111
0000000000000110011000010
1111111110110001010001001
1111111110000010011100110
1111111110010000101100100
1111111111010101000101001
0000000000101110010101101
0000000001110001000011110
0000000001111100110010101
0000000001001011110100110
1111111111110101111110110
1111111110100101000000101
1111111110000000010010111
1111111110011001101100011
1111111111100100110110101
0000000000111101001101110
0000000001110111110011100
0000000001111000000111111
0000000000111110000001000
1111111111100101101111110
1111111110011010001111101
1111111110000000001111000
1111111110100100010111101
1111111111110101000100101
0000000001001011000101101
0000000001111100100101011
0000000001110001011111000
0000000000101111001011111
1111111111010101111100001
1111111110010001001001100
1111111110000010010001101
1111111110110000100011010
0000000000000101011110000
0000000001010111101110101
0000000001111111010100010
0000000001101000111110110
0000000000011111100101011
1111111111000110110100111
1111111110001001111000001
1111111110000110011000010
1111111110111110000010011
0000000000010101110001110
0000000001100010111011010
0000000001111111111101011
0000000001011110110000010
0000000000001111011101101
1111111110111000101001101
1111111110000100100010101
1111111110001100011110110
1111111111001100100110110
0000000000100101101110101
0000000001101100100000000
0000000001111110100000000
0000000001010010111110010
1111111111111111000101110
1111111110101011101001100
1111111110000001001111000
1111111110010100011110100
1111111111011100000001010
0000000000110101000011110
0000000001110100010010110
0000000001111010111101110
0000000001000101110100111
1111111111101110101110101
1111111110100000000001111
1111111110000000000000100
1111111110011110001111011
1111111111101100000001100
0000000001000011100001010
0000000001111010001011011
0000000001110101011010010
0000000000110111100010010
1111111111011110101001110
1111111110010101111111001
1111111110000000111000101
1111111110101001100111000
1111111111111100010110101
0000000001010000110111110
0000000001111110000011100
0000000001101101111011010
0000000000101000010101011
1111111111001111000111111
1111111110001101101011110
