0000000000000000000000000
0000000000000000000000000
0000000000000000000000000
0000000000000000000000000
0000000000000000000000000
0000000000000000000000000
0000000000000000000000000
0000000000000000000000000
0000000000000000000000000
0000000000000000000000000
0000000000000000000000000
0000000000000000000000000
0000000000000000000000000
0000000000000000000000000
0000000000000000000000000
0000000000000000000000000
0000000000000000000000000
0000000000000000000000000
0000000000000000000000000
0000000000000000000000000
0000000000000000000000010
0000000000000000000000011
0000000000000000000000110
0000000000000000000001001
0000000000000000000001101
0000000000000000000010010
0000000000000000000010111
0000000000000000000011101
0000000000000000000100011
0000000000000000000101010
0000000000000000000110000
0000000000000000000111000
0000000000000000001000000
0000000000000000001001000
0000000000000000001010001
0000000000000000001011010
0000000000000000001100100
0000000000000000001110000
0000000000000000001111100
0000000000000000010001000
0000000000000000010010110
0000000000000000010100101
0000000000000000010110101
0000000000000000011000101
0000000000000000011010110
0000000000000000011101000
0000000000000000011111011
0000000000000000100001110
0000000000000000100100001
0000000000000000100110110
0000000000000000101001011
0000000000000000101100000
0000000000000000101110110
0000000000000000110001101
0000000000000000110100101
0000000000000000110111110
0000000000000000111011000
0000000000000000111110100
0000000000000001000010000
0000000000000001000101100
0000000000000001001001010
0000000000000001001101000
0000000000000001010000111
0000000000000001010100111
0000000000000001011000111
0000000000000001011101000
0000000000000001100001010
0000000000000001100101011
0000000000000001101001110
0000000000000001101110000
0000000000000001110010100
0000000000000001110111010
0000000000000001111100000
0000000000000010000001000
0000000000000010000110000
0000000000000010001011000
0000000000000010010000010
0000000000000010010101011
0000000000000010011010110
0000000000000010100000001
0000000000000010100101110
0000000000000010101011011
0000000000000010110001000
0000000000000010110110110
0000000000000010111100100
0000000000000011000010011
0000000000000011001000010
0000000000000011001110010
0000000000000011010100011
0000000000000011011010101
0000000000000011100001000
0000000000000011100111100
0000000000000011101110000
0000000000000011110100100
0000000000000011111011010
0000000000000100000001111
0000000000000100001000110
0000000000000100001111101
0000000000000100010110100
0000000000000100011101100
0000000000000100100100100
0000000000000100101011101
0000000000000100110010110
0000000000000100111001111
0000000000000101000001010
0000000000000101001000100
0000000000000101010000000
0000000000000101010111100
0000000000000101011111000
0000000000000101100110110
0000000000000101101110100
0000000000000101110110011
0000000000000101111110010
0000000000000110000110001
0000000000000110001110001
0000000000000110010110001
0000000000000110011110001
0000000000000110100110010
0000000000000110101110011
0000000000000110110110100
0000000000000110111110110
0000000000000111000110111
0000000000000111001111010
0000000000000111010111101
0000000000000111100000001
0000000000000111101000110
0000000000000111110001011
0000000000000111111010000
0000000000001000000010110
0000000000001000001011100
0000000000001000010100011
0000000000001000011101010
0000000000001000100110000
0000000000001000101111000
0000000000001000110111111
0000000000001001000000110
0000000000001001001001101
0000000000001001010010100
0000000000001001011011100
0000000000001001100100101
0000000000001001101101110
0000000000001001110110111
0000000000001010000000010
0000000000001010001001101
0000000000001010010011000
0000000000001010011100011
0000000000001010100101110
0000000000001010101111001
0000000000001010111000101
0000000000001011000010001
0000000000001011001011101
0000000000001011010101001
0000000000001011011110101
0000000000001011101000001
0000000000001011110001101
0000000000001011111011010
0000000000001100000100111
0000000000001100001110110
0000000000001100011000011
0000000000001100100010010
0000000000001100101100000
0000000000001100110101111
0000000000001100111111110
0000000000001101001001101
0000000000001101010011101
0000000000001101011101100
0000000000001101100111100
0000000000001101110001100
0000000000001101111011100
0000000000001110000101011
0000000000001110001111010
0000000000001110011001001
0000000000001110100011001
0000000000001110101101001
0000000000001110110111001
0000000000001111000001010
0000000000001111001011011
0000000000001111010101110
0000000000001111011111111
0000000000001111101010010
0000000000001111110100011
0000000000001111111110110
0000000000010000001000111
0000000000010000010011010
0000000000010000011101011
0000000000010000100111110
0000000000010000110001111
0000000000010000111100000
0000000000010001000110010
0000000000010001010000011
0000000000010001011010110
0000000000010001100101001
0000000000010001101111100
0000000000010001111001111
0000000000010010000100010
0000000000010010001110101
0000000000010010011001001
0000000000010010100011101
0000000000010010101110001
0000000000010010111000101
0000000000010011000011001
0000000000010011001101100
0000000000010011011000000
0000000000010011100010011
0000000000010011101100110
0000000000010011110111001
0000000000010100000001100
0000000000010100001100000
0000000000010100010110100
0000000000010100100001000
0000000000010100101011101
0000000000010100110110010
0000000000010101000000111
0000000000010101001011100
0000000000010101010110000
0000000000010101100000101
0000000000010101101011010
0000000000010101110101111
0000000000010110000000100
0000000000010110001011000
0000000000010110010101100
0000000000010110100000000
0000000000010110101010100
0000000000010110110101000
0000000000010110111111101
0000000000010111001010010
0000000000010111010100111
0000000000010111011111100
0000000000010111101010010
0000000000010111110100111
0000000000010111111111101
0000000000011000001010010
0000000000011000010100111
0000000000011000011111110
0000000000011000101010011
0000000000011000110101000
0000000000011000111111101
0000000000011001001010001
0000000000011001010100101
0000000000011001011111010
0000000000011001101001111
0000000000011001110100100
0000000000001100111111010
1111111111110011101011001
1111111111101000011000111
1111111111101010100101000
1111111111101100101101110
1111111111101110110010111
1111111111110000110100101
1111111111110010110011001
1111111111110100101110010
1111111111110110100110001
1111111111111000011011000
1111111111111010001100101
1111111111111011111011010
1111111111111101100111000
1111111111111111001111111
0000000000000000110110000
0000000000000010011001011
0000000000000011111010010
0000000000000101011000011
0000000000000110110100001
0000000000001000001101010
0000000000001001100100001
0000000000001010111000101
0000000000001100001010110
0000000000001101011010110
0000000000001110101000011
0000000000001111110011111
0000000000010000111101010
0000000000010010000100101
0000000000010011001001111
0000000000010100001101010
0000000000010101001110101
0000000000010110001110010
0000000000010111001100001
0000000000011000001000010
0000000000011001000010110
0000000000001100111011100
1111111111110100010100001
1111111111101001101100101
1111111111101100100010010
1111111111101111010010110
1111111111110001111110010
1111111111110100100101000
1111111111110111000110110
1111111111111001100100001
1111111111111011111100110
1111111111111110010001001
0000000000000000100001001
0000000000000010101100111
0000000000000100110100110
0000000000000110111000011
0000000000001000111000010
0000000000001010110100010
0000000000001100101100110
0000000000001110100001100
0000000000010000010010111
0000000000010010000000101
0000000000010011101011001
0000000000010101010010011
0000000000010110110110011
0000000000011000010111001
0000000000001100110101000
1111111111110100110001000
1111111111101010101100000
1111111111101110000010101
1111111111110001010010111
1111111111110100011101000
1111111111110111100001010
1111111111111010011111100
1111111111111101011000010
0000000000000000001011011
0000000000000010111001000
0000000000000101100001100
0000000000001000000100101
0000000000001010100010110
0000000000001100111100000
0000000000001111010000010
0000000000010001011111111
0000000000010011101011000
0000000000010101110001101
0000000000010111110011110
0000000000001100110001110
1111111111110101001100111
1111111111101011100101101
1111111111101111011001001
1111111111110011000101011
1111111111110110101010010
1111111111111010001000010
1111111111111101011111011
0000000000000000101111110
0000000000000011111001101
0000000000000110111101001
0000000000001001111010100
0000000000001100110001110
0000000000001111100011001
0000000000010010001110110
0000000000010100110100110
0000000000010111010101010
0000000000001100110000011
1111111111110101100111100
1111111111101100011011011
1111111111110000101000111
1111111111110100101110001
1111111111111000101011010
1111111111111100100000011
0000000000000000001101111
0000000000000011110011101
0000000000000111010010001
0000000000001010101001100
0000000000001101111001101
0000000000010001000011001
0000000000010100000101110
0000000000010111000010001
0000000000001100110111111
1111111111110110001000110
1111111111101101010101011
1111111111110001111010101
1111111111110110010110110
1111111111111010101001110
1111111111111110110100001
0000000000000010110101110
0000000000000110101111010
0000000000001010100000011
0000000000001110001001110
0000000000010001101011001
0000000000010101000101001
0000000000001011010111101
1111111111110101000100010
1111111111101100101011100
1111111111110001101010101
1111111111110110011111011
1111111111111011001010011
1111111111111111101011100
0000000000000100000011010
0000000000001000010001101
0000000000001100010111001
0000000000010000010011110
0000000000010100001000001
0000000000001010110100001
1111111111110100111001010
1111111111101100111000011
1111111111110010001110001
1111111111110111011001000
1111111111111100011000111
0000000000000001001110011
0000000000000101111001101
0000000000001010011010110
0000000000001110110010010
0000000000010011000000001
0000000000001010000100111
1111111111110100100001110
1111111111101100110111101
1111111111110010100011100
1111111111111000000011101
1111111111111101011000001
0000000000000010100001100
0000000000000111011111110
0000000000001100010011011
0000000000010000111100011
0000000000010101011011010
0000000000001100110000000
1111111111110111011100101
1111111111110000000001011
1111111111110101111011101
1111111111111011101001010
0000000000000001001010110
0000000000000110100000010
0000000000001011101010001
0000000000010000101000111
0000000000001000011100100
1111111111110011100110111
1111111111101100101000100
1111111111110010111110101
1111111111111001000111010
1111111111111111000010110
0000000000000100110001100
0000000000001010010011101
0000000000001111101001110
0000000000010100110100000
0000000000001100110010111
1111111111111000000111101
1111111111110001010011001
1111111111110111110010100
1111111111111110000100000
0000000000000100000111110
0000000000001001111110011
0000000000001111101000001
0000000000001000000101011
1111111111110011110111110
1111111111101101011111110
1111111111110100011010110
1111111111111011000111000
0000000000000001100100101
0000000000000111110100010
0000000000001101110110000
0000000000010011101010100
0000000000001100010001110
1111111111111000001101101
1111111111110001111110110
1111111111111001000010010
1111111111111111110110100
0000000000000110011011110
0000000000001100110010100
0000000000010010111011010
0000000000001011110110000
1111111111111000000100110
1111111111110010001000000
1111111111111001011101010
0000000000000000100010100
0000000000000111011000001
0000000000001101111110100
0000000000000111010110001
1111111111110100000000101
1111111111101110011110111
1111111111110110001101111
1111111111111101101100001
0000000000000100111001111
0000000000001011110111101
0000000000010010100101101
0000000000001100000100100
1111111111111000110101111
1111111111110011011010100
1111111111111011001111111
0000000000000010110011111
0000000000001010000111001
0000000000010001001010001
0000000000001010111101001
1111111111111000000010000
1111111111110010111001011
1111111111111011000000100
0000000000000010110101101
0000000000001010011001100
0000000000010001101100010
0000000000001011101110100
1111111111111001000001111
1111111111110100000111010
1111111111111100011011111
0000000000000100011110000
0000000000001100001110011
0000000000000110101101001
1111111111110100011100011
1111111111101111111100100
1111111111111000101011001
0000000000000001000110010
0000000000001001001110101
0000000000010001000100110
0000000000001011101001000
1111111111111001011101010
1111111111110101000010001
1111111111111101110101000
0000000000000110010100011
0000000000001110100000100
0000000000001001011001111
1111111111110111100010101
1111111111110011011011011
1111111111111100100001101
0000000000000101010011100
0000000000001101110001101
0000000000001000111100100
1111111111110111010101111
1111111111110011011110101
1111111111111100110100010
0000000000000101110100111
0000000000001110100001010
0000000000001001111001101
1111111111111000100000010
1111111111110100110101100
1111111111111110010111001
0000000000000111100011010
0000000000010000011010100
0000000000001011111101100
1111111111111010101110000
1111111111110111001101001
0000000000000000110111111
0000000000001010001101000
0000000000000110001100110
1111111111110101011001011
1111111111110010010011011
1111111111111100011000010
0000000000000110000110101
0000000000001111011110111
0000000000001011100001101
1111111111111010110000110
1111111111110111101101000
0000000000000001110100000
0000000000001011100100000
0000000000000111111101110
1111111111110111100011001
1111111111110100110100111
1111111111111111010000111
0000000000001001010101001
0000000000000110000010101
1111111111110101111010110
1111111111110011011111000
1111111111111110001100011
0000000000001000100001101
0000000000000101011111010
1111111111110101100111001
1111111111110011011010011
1111111111111110010110001
0000000000001000111001010
0000000000000110000100000
1111111111110110011000110
1111111111110100011000001
1111111111111111011111111
0000000000001010001110010
0000000000000111100100000
1111111111111000000011010
1111111111110110001100110
0000000000000001011110010
0000000000001100010101111
0000000000001001110100100
1111111111111010011100001
1111111111111000101101101
0000000000000100000110110
0000000000001111000101100
0000000000001100101011001
1111111111111101011001001
1111111111111011110000111
0000000000000111001111101
0000000000000101010100000
1111111111110110100000001
1111111111110101010100111
0000000000000001001111111
0000000000001100101111100
0000000000001010110100110
1111111111111100000001011
1111111111111010110110101
0000000000000110110001111
0000000000000101010001110
1111111111110110111000010
1111111111110110000110010
0000000000000010011001100
0000000000001110010000100
0000000000001100101100000
1111111111111110001110000
1111111111111101010111101
0000000000001001100110100
0000000000001000011001001
1111111111111010010001100
1111111111111001110000111
0000000000000110010100101
0000000000000101011011100
1111111111110111100111101
1111111111110111011001110
0000000000000100001111111
0000000000000011101000010
1111111111110110000101010
1111111111110110000111111
0000000000000011001101101
0000000000000010110101010
1111111111110101100000110
1111111111110101110001010
0000000000000011000100100
0000000000000010111001001
1111111111110101110001010
1111111111110110001101111
0000000000000011101100111
0000000000000011101100101
1111111111110110101111100
1111111111110111010110100
0000000000000100111111011
0000000000000101001000101
1111111111111000010100101
1111111111111001000100010
0000000000000110110101011
0000000000000111000110100
1111111111111010011001111
1111111111111011010000101
0000000000001001001000101
0000000000001001100000001
1111111111111100111001101
1111111111111101110110011
0000000000001011110011110
0000000000001100010000110
1111111111111111101111010
0000000000000000110000110
0000000000000001110010111
1111111111110101110101100
1111111111110111011001111
0000000000000101111101110
0000000000000110111111110
1111111111111011000010010
1111111111111100100110010
0000000000001011001001100
0000000000001100001010111
0000000000000000001100011
0000000000000001101111100
0000000000000011010001111
1111111111110111110011100
1111111111111001110101100
0000000000001000110110000
0000000000001010010011011
1111111111111110110000010
0000000000000000101101011
0000000000000010101001000
1111111111110111100010110
1111111111111001111100010
0000000000001001010011000
0000000000001011000110000
1111111111111111110111010
0000000000000010001000010
0000000000000100010110110
1111111111111001100010110
1111111111111100001101100
1111111111111110110101001
1111111111110100011001010
1111111111110111011011101
0000000000000111011001111
0000000000001001110010111
1111111111111111001000111
0000000000000001111101010
0000000000000100101101101
1111111111111010011010100
1111111111111101100100101
0000000000000000101010011
1111111111110110101011100
1111111111111010001001101
1111111111111101100010101
1111111111110011110110010
1111111111110111100110010
0000000000001000010000011
0000000000001011010011100
0000000000000001010010000
0000000000000100101101001
0000000000001000000011000
1111111111111110010011011
0000000000000010000000001
0000000000000101100110101
1111111111111100000111100
0000000000000000000011110
0000000000000011111001101
1111111111111010101001000
1111111111111110110011011
0000000000000010110110101
1111111111111001110011001
1111111111111110001010000
0000000000000010011001100
1111111111111001100001100
1111111111111110000011101
0000000000000010011101111
1111111111111001110000011
1111111111111110011100101
0000000000000011000000100
1111111111111010011100011
1111111111111111010001100
0000000000000011111110000
1111111111111011100010000
0000000000000000011111000
0000000000000101010010111
1111111111111100111110000
0000000000000010000001110
0000000000000110111100001
1111111111111110101101011
0000000000000011110111000
0000000000001000110111000
0000000000000000101101101
0000000000000101111100011
0000000000001011000001010
0000000000000010111100101
1111111111111011001111110
1111111111110011111010010
1111111111111001111011000
1111111111111111110000101
1111111111111000011010111
1111111111111110011011110
0000000000000100010000110
1111111111111100111010101
0000000000000010111010110
0000000000001000101111010
0000000000000001011000011
1111111111111010010111100
1111111111110011101100001
1111111111111010010101101
0000000000000000110010010
1111111111111010000010000
0000000000000000100110111
0000000000000110111110110
0000000000000000001010000
1111111111111001101010001
1111111111110011011110100
1111111111111010100110100
0000000000000001100000011
1111111111111011001100100
0000000000000010001100010
0000000000001000111110000
0000000000000010100001111
1111111111111100011001101
1111111111110110100100110
1111111111111110000010100
0000000000000101010001010
1111111111111111010001000
1111111111111001100100000
1111111111110100001001010
1111111111111100000000011
0000000000000011100111011
1111111111111101111110110
1111111111111000101000010
1111111111110011100011010
1111111111111011101111001
0000000000000011101010010
1111111111111110010100111
1111111111111001010000111
1111111111110100011101101
1111111111111100111010101
0000000000000101000110001
0000000000000000000000011
1111111111111011001011100
1111111111110110100110101
1111111111111111010001100
0000000000000111101010010
0000000000000010110001011
1111111111111110001000100
1111111111111001101111010
0000000000000010100101001
0000000000001011001000011
0000000000000110011001011
0000000000000001111010001
1111111111111101101001111
1111111111111001101000011
1111111111110101110101000
1111111111111111001111011
0000000000001000010101110
0000000000000100001000110
0000000000000000001010000
1111111111111100011001010
1111111111111000110101111
1111111111110101011111110
1111111111111111010110010
0000000000001000110111110
0000000000000101000100111
0000000000000001011111010
1111111111111110000110100
1111111111111010111010001
1111111111110111111010000
0000000000000010000101101
0000000000001011111011011
0000000000001000011011110
0000000000000101001000100
0000000000000010000001100
1111111111111111000101111
1111111111111100010101111
1111111111111001110000110
1111111111110111010110011
0000000000000010000110011
0000000000001100011110111
0000000000001001100000111
0000000000000110101110000
0000000000000100000101111
0000000000000001101000011
1111111111111111010100110
1111111111111101001011001
1111111111111011001010111
1111111111111001010011111
1111111111110111100101110
1111111111110110000000010
1111111111110100100011000
0000000000000000001101110
0000000000001011011111001
0000000000001001010111100
0000000000000111011001000
0000000000000101100011010
0000000000000011110110000
0000000000000010010001001
0000000000000000110100000
1111111111111111011110101
1111111111111110010000110
1111111111111101001010000
1111111111111100001010010
1111111111111011010001000
1111111111111010011110010
1111111111111001110001110
1111111111111001001011010
1111111111111000101010100
1111111111111000001111011
1111111111110111111001101
1111111111110111101001001
1111111111110111011101100
1111111111110111010110110
1111111111110111010100110
1111111111110111010111001
1111111111110111011101111
1111111111110111101000101
1111111111110111110111011
1111111111111000001001111
1111111111111000100000000
1111111111111000111001101
1111111111111001010110101
1111111111111001110110111
1111111111111010011010000
1111111111111011000000001
1111111111111011101000111
1111111111111100010100100
1111111111111101000010011
1111111111111101110011000
1111111111111110100101110
1111111111111111011010111
0000000000000000010010000
0000000000000001001011001
0000000000000010000110010
0000000000000011000011000
0000000000000100000001100
0000000000000101000001100
0000000000000110000011001
0000000000000111000110001
0000000000001000001010011
0000000000001001001111110
0000000000001010010110011
0000000000001011011110000
1111111111111111100110101
1111111111110100010001100
1111111111110110011101101
1111111111111000101000110
1111111111111010110011000
1111111111111100111100010
1111111111111111000100010
0000000000000001001011010
0000000000000011010001000
0000000000000101010101110
0000000000000111011001010
0000000000001001011011101
0000000000001011011100110
0000000000000000011100110
1111111111110101111100101
1111111111111000111011110
1111111111111011110111111
1111111111111110110000110
0000000000000001100110111
0000000000000100011001111
0000000000000111001010001
0000000000001001110111011
1111111111111111100001111
1111111111110101101010101
1111111111111001010001010
1111111111111100110011001
0000000000000000010000110
0000000000000011101001101
0000000000000110111110011
1111111111111101001110101
1111111111110011111100001
1111111111111000000101100
1111111111111100001001010
0000000000000000000111000
0000000000000011111111010
0000000000000111110001110
1111111111111110011111000
1111111111110101101000000
1111111111111010001100001
1111111111111110101001011
0000000000000010111111110
0000000000000111001111100
0000000000001011011000100
0000000000000010011011010
1111111111111001111000111
1111111111111110110000101
0000000000000011100000100
0000000000001000001000101
1111111111111111101001010
1111111111110111100011100
1111111111111100110111001
0000000000000010000001110
0000000000000111000011110
1111111111111110111101001
1111111111110111001111101
1111111111111100111010010
0000000000000010011011001
0000000000000111110010100
0000000000000000000000100
1111111111111000100110101
1111111111111110100100001
0000000000000100010111000
0000000000001001111111100
0000000000000010011110001
1111111111111011010011111
0000000000000001100000100
1111111111111010100001110
1111111111110011111001011
1111111111111010100110110
0000000000000001000111110
0000000000000111011100110
0000000000000000100110000
1111111111111010000101001
0000000000000000111001011
1111111111111010100000110
1111111111110100011101001
1111111111111011101101101
0000000000000010110000101
0000000000001001100110001
0000000000000011001110100
1111111111111101001011100
0000000000000100011100010
1111111111111110011111001
1111111111111000110101110
0000000000000000011111010
1111111111111010111010000
1111111111110101100111100
1111111111111101100111011
1111111111111000010111110
1111111111110011011010001
1111111111111011101110000
0000000000000011110001101
0000000000001011100101011
0000000000000110001001100
0000000000000000111111111
0000000000001001000111110
0000000000000011111111100
1111111111111111001000100
0000000000000111100010101
0000000000000010101011101
1111111111111110000101101
0000000000000110101111101
0000000000000010001000011
1111111111111101110001001
0000000000000110101001111
0000000000000010010000011
1111111111111110000110110
0000000000000111001100010
0000000000000010111111010
1111111111111111000001100
0000000000001000010010011
0000000000000100010000001
0000000000000000011100101
0000000000001001110111011
0000000000000101111110110
0000000000000010010100010
0000000000001011110111110
0000000000001000000111010
1111111111110111100100101
1111111111110100110001000
1111111111111111001001010
1111111111111100001100001
1111111111111001011011010
0000000000000011110110011
0000000000000000111011110
1111111111111110001101001
0000000000001000101010010
0000000000000101110001010
1111111111110110000100001
1111111111110100000011111
1111111111111111001101110
1111111111111101000000001
1111111111111010111100111
0000000000000110000011110
0000000000000011110011000
1111111111110100101100101
1111111111110011010001011
1111111111111110111111001
1111111111111101010100000
1111111111111011110001111
0000000000000111011000101
0000000000000101100110100
1111111111110110111101100
1111111111110101111110101
0000000000000010000111011
0000000000000000110110001
1111111111111111101100111
0000000000001011101011010
0000000000001010001111110
1111111111111011111100010
1111111111111011010010000
0000000000000111101110010
0000000000000110101111101
1111111111111000110111111
1111111111111000101000100
0000000000000101011110101
0000000000000100111001001
1111111111110111011001110
1111111111110111100001100
0000000000000100101110000
0000000000000100011101111
1111111111110111010011010
1111111111110111101110110
0000000000000101001110100
0000000000000101010000110
1111111111111000010111101
1111111111111001000100001
0000000000000110110100000
0000000000000111000101110
1111111111111010011011010
1111111111111011010101111
0000000000001001010011010
0000000000001001110001111
1111111111111101010100000
1111111111111110011010101
0000000000001100100011010
0000000000001101001100111
0000000000000000111001001
1111111111110101001001011
1111111111110110111100101
0000000000000101110000101
0000000000000111000011111
1111111111111011011000100
1111111111111101001111101
0000000000001100000111000
0000000000001101011101100
0000000000000001110100111
1111111111110110101110101
1111111111111001001001100
0000000000001000100011110
0000000000001010011011100
1111111111111111010011010
1111111111110100101100000
1111111111110111100101000
0000000000000111011011111
0000000000001001101111011
1111111111111111000001110
1111111111110100110100010
1111111111111000000110000
0000000000001000010100100
0000000000001010111110110
0000000000000000100110110
1111111111110110101110000
1111111111111010010011100
0000000000001010110101000
0000000000001101110001100
0000000000000011101011010
1111111111111010000011010
1111111111110000111000111
1111111111110101001011001
0000000000000110010111111
0000000000001001111110001
0000000000000000011111111
1111111111110111011110101
1111111111101110111001100
1111111111110011101111100
0000000000000101011110111
0000000000001001100110000
0000000000000000100111101
1111111111111000000100111
1111111111101111111101000
1111111111110101001111010
0000000000000111011001101
0000000000001011111010110
0000000000000011010101011
1111111111111011001010011
1111111111110011011001100
1111111111111001000001110
0000000000001011100001000
0000000000010000010110011
0000000000001000000011111
0000000000000000001011010
1111111111111000101011100
1111111111110001100100001
1111111111110111110100010
0000000000001010111010000
0000000000010000010100001
0000000000001000100101010
0000000000000001001110101
1111111111111010001111101
1111111111110011100111110
1111111111101101010110001
1111111111110100011010001
0000000000001000010001110
0000000000001110011100000
0000000000000111011011010
0000000000000000110001010
1111111111111010011101001
1111111111110100011110011
1111111111101110110100001
1111111111110110011110000
0000000000001010111010000
0000000000010001100111001
0000000000001011000111110
0000000000000100111101101
1111111111111111001000000
1111111111111001100110100
1111111111110100011000001
1111111111101111011100110
1111111111101010110011011
1111111111110011011011110
0000000000001000110100000
0000000000010000011010111
0000000000001010110011010
0000000000000101011110110
0000000000000000011100101
1111111111111011101100100
1111111111110111001101110
1111111111110010111111110
1111111111101111000010000
1111111111101011010100000
1111111111110100110101011
0000000000001011000100010
0000000000010011011111110
0000000000001110101010100
0000000000001010000110010
0000000000000101110010100
0000000000000001101110110
1111111111111101111010100
1111111111111010010101000
1111111111110110111110010
1111111111110011110101010
1111111111110000111010000
1111111111101110001011111
1111111111101011101010100
1111111111101001010101011
1111111111110100001100001
0000000000001011101100111
0000000000010101010111011
0000000000010001101101111
0000000000001110010010011
0000000000001011000100010
0000000000001000000011011
0000000000000101001111000
0000000000000010100111000
0000000000000000001010110
1111111111111101111010000
1111111111111011110100011
1111111111111001111001100
1111111111111000001001000
1111111111110110100010011
1111111111110101000101100
1111111111110011110001111
1111111111110010100111011
1111111111110001100101100
1111111111110000101100000
1111111111101111111010101
1111111111101111010000111
1111111111101110101110111
1111111111101110010100001
1111111111101110000000010
1111111111101101110011001
1111111111101101101100100
1111111111101101101100001
1111111111101101110001101
1111111111101101111100110
1111111111101110001101101
1111111111101110100011101
1111111111101110111110110
1111111111101111011110101
1111111111110000000011001
1111111111110000101100000
1111111111110001011001010
1111111111110010001010100
1111111111110010111111101
1111111111110011111000100
1111111111110100110101000
1111111111110101110100110
1111111111110110110111111
1111111111110111111101111
1111111111111001000110111
1111111111111010010010101
1111111111111011100001000
1111111111111100110001111
1111111111111110000100111
1111111111111111011010010
0000000000000000110001100
0000000000000010001010111
0000000000000011100110000
0000000000000101000010110
0000000000000110100001001
0000000000001000000001000
0000000000001001100010010
0000000000001011000101000
0000000000001100101000110
0000000000001110001101110
0000000000001111110011101
0000000000010001011010100
0000000000010011000010001
0000000000010100101010101
0000000000010110010011111
0000000000010111111101100
0000000000001100100111111
1111111111110100110011110
1111111111101011000001110
1111111111101110101110101
1111111111110010011000001
1111111111110101111110010
1111111111111001100001001
1111111111111101000000111
0000000000000000011101001
0000000000000011110110011
0000000000000111001100011
0000000000001010011111011
0000000000001101101111001
0000000000010000111011110
0000000000010100000101001
0000000000001010001011100
1111111111110011101111111
1111111111101011010011001
1111111111110000010001110
1111111111110101001010000
1111111111111001111011101
1111111111111110100110111
0000000000000011001100000
0000000000000111101010111
0000000000001100000011110
0000000000010000010110101
0000000000010100100011110
0000000000001011101011010
1111111111110110001110010
1111111111101110101101100
1111111111110100100101101
1111111111111010010101000
1111111111111111111011100
0000000000000101011001100
0000000000001010101111000
0000000000001111111100010
0000000000001000000001011
1111111111110011011111111
1111111111101100111000001
1111111111110011100111010
1111111111111010001011100
0000000000000000100100110
0000000000000110110011101
0000000000001100110111111
0000000000010010110010010
0000000000001011100010100
1111111111110111101010011
1111111111110001101010100
1111111111111000111111101
0000000000000000001000010
0000000000000111000100010
0000000000001101110100010
0000000000000111011000010
1111111111110100010001111
1111111111101111000001111
1111111111110111000101010
1111111111111110111010010
0000000000000110100000111
0000000000001101111001111
0000000000001000000101011
1111111111110101100101000
1111111111110000111001100
1111111111111001011111111
0000000000000001110110011
0000000000001001111101011
0000000000010001110101001
0000000000001100011110001
1111111111111010011001111
1111111111110110001001010
1111111111111111001001010
0000000000000111111000010
0000000000010000010110101
0000000000001011100100100
1111111111111010000011111
1111111111110110010101011
1111111111111111110110011
0000000000001001000101000
0000000000000101000001101
1111111111110100001110000
1111111111110001001010111
1111111111111011010101110
0000000000000101001100110
0000000000001110110000011
0000000000001011000001001
1111111111111010100000101
1111111111110111101111110
0000000000000010001011110
0000000000001100010011001
0000000000001001000110000
1111111111111001000110100
1111111111110110110101011
0000000000000001110000000
0000000000001100010100110
0000000000001001100100000
1111111111111001111111110
1111111111111000001000110
0000000000000011011100100
0000000000001110011001010
0000000000001011111111110
1111111111111100110001011
1111111111111011001111101
0000000000000110110111011
0000000000000101000111100
1111111111110110100001100
1111111111110101100110100
0000000000000001110011110
0000000000001101100111111
0000000000001100000011100
1111111111111101101000100
1111111111111100110111110
0000000000001001001110111
0000000000001000001100001
1111111111111010010001101
1111111111111010000000011
0000000000000110110101101
0000000000000110010000001
1111111111111000110001100
1111111111111000111011000
0000000000000110001010010
0000000000000101111101101
1111111111111000110111001
1111111111111001010111101
0000000000000110111100111
0000000000000111000101011
1111111111111010010011001
1111111111111011000111001
0000000000001000111111000
0000000000001001011001100
1111111111111100111000011
1111111111111101111100111
0000000000001100000100101
0000000000001100101110000
0000000000000000011011010
0000000000000001101101010
0000000000000011000001111
1111111111110111011000111
1111111111111001010011011
0000000000001000001111001
0000000000001001101010101
1111111111111110001000001
0000000000000000001000101
0000000000000010001001111
1111111111110111001011110
1111111111111001101111101
0000000000001001010011000
0000000000001011010100110
0000000000000000010110110
0000000000000010111010010
0000000000000101011101010
1111111111111010111111011
1111111111111110000010000
0000000000000001000011000
1111111111110111000010001
1111111111111010100000110
1111111111111101111100100
1111111111110100010101101
1111111111111000001101010
0000000000001001000001001
0000000000001100010000010
0000000000000010011100100
0000000000000110000111100
0000000000001001101111000
0000000000000000010010110
0000000000000100010100100
0000000000001000010001101
1111111111111111001010100
0000000000000011100000011
0000000000000111110000111
1111111111111110111100011
0000000000000011100100010
0000000000001000000110001
1111111111111111100010010
0000000000000100011001110
0000000000001001001010111
0000000000000000110101100
0000000000000101111011001
0000000000001010111001101
0000000000000010110001000
1111111111111011000011000
1111111111110011101110100
1111111111111001110010111
1111111111111111101101111
1111111111111000100000001
1111111111111110101010101
0000000000000100101011100
1111111111111101100011001
0000000000000011110010110
0000000000001001111000100
0000000000000010110100010
1111111111111100000111111
1111111111110101110010100
1111111111111100110011011
0000000000000011101000101
1111111111111101010010010
0000000000000100010010010
0000000000001011000110010
0000000000000100101110110
1111111111111110101101001
1111111111111001000000110
0000000000000000101001000
0000000000001000000011111
0000000000000010010001110
1111111111111100110100000
1111111111110111101010011
1111111111111111110011111
0000000000000111101110110
0000000000000010011011011
1111111111111101011011011
1111111111111000101110001
0000000000000001010010111
0000000000001001101000000
0000000000000100101101101
0000000000000000000101101
1111111111111011101111011
1111111111110111101010001
1111111111110011110101101
1111111111111101010001001
0000000000000110011011000
0000000000000010010011011
1111111111111110011100010
1111111111111010110100111
1111111111110111011100110
1111111111110100010011101
1111111111111110011000110
0000000000001000001010011
0000000000000100101001010
0000000000000001010110101
1111111111111110010010100
1111111111111011011100001
1111111111111000110011010
1111111111110110010111011
1111111111110100000111111
1111111111111111000100100
0000000000001001101011101
0000000000000110111101101
0000000000000100011100011
0000000000000010000111010
1111111111111111111110001
1111111111111110000000011
1111111111111100001101110
1111111111111010100101111
1111111111111001001000011
1111111111110111110100101
1111111111110110101010110
1111111111110101101010000
1111111111110100110010010
1111111111110100000011001
0000000000000000011100011
0000000000001100011100011
0000000000001011000011110
0000000000001001110100010
0000000000001000101101110
0000000000000111101111110
0000000000000110111010001
0000000000000110001100011
0000000000000101100110100
0000000000000101000111110
0000000000000100110000011
0000000000000100011111101
0000000000000100010101110
0000000000000100010010000
0000000000000100010100100
0000000000000100011100110
0000000000000100101010110
0000000000000100111110001
0000000000000101010110110
0000000000000101110100010
0000000000000110010110101
0000000000000110111101011
0000000000000111101000101
0000000000001000011000000
0000000000001001001011100
0000000000001010000010100
0000000000001010111101011
0000000000001011111011101
1111111111111111111101000
1111111111110100100010111
1111111111110110101100000
1111111111111000110110010
1111111111111011000001100
1111111111111101001101011
1111111111111111011010001
0000000000000001100111011
0000000000000011110101010
0000000000000110000011011
0000000000001000010001111
1111111111111101100000101
1111111111110011010000111
1111111111110110100001101
1111111111111001110000101
1111111111111100111101101
0000000000000000001000111
0000000000000011010010001
0000000000000110011001101
0000000000001001011111000
1111111111111111100010101
1111111111110110000101100
1111111111111010000110111
1111111111111110000100011
0000000000000001111110001
0000000000000101110100000
0000000000001001100110001
0000000000000000010100110
1111111111110111100000111
1111111111111100001001110
0000000000000000101101010
0000000000000101001011010
1111111111111100100100000
1111111111110100011000111
1111111111111001101001000
1111111111111110110010001
0000000000000011110100101
1111111111111011110000010
1111111111110100000110110
1111111111111001110111001
1111111111111111011111011
0000000000000100111111101
1111111111111101011000000
1111111111110110001001111
1111111111111100010100101
0000000000000010010110000
0000000000001000001110011
0000000000000000111101101
1111111111111010000101100
0000000000000000100101010
1111111111111001111010110
1111111111110011100111100
1111111111111010101010110
0000000000000001100010100
0000000000001000001111001
0000000000000001110000101
1111111111111011101001000
0000000000000010110111000
1111111111111100111000111
1111111111110111010000010
1111111111111110111100010
1111111111111001011011010
1111111111110100001110100
1111111111111100010101100
0000000000000100001110101
0000000000001011111001101
0000000000000110010111010
0000000000000001001000101
0000000000001001001101101
0000000000000100000100000
1111111111111111001101101
0000000000000111101001110
0000000000000010110110101
1111111111111110010101110
0000000000000111000110100
0000000000000010100111010
1111111111111110011001011
0000000000000111011100101
0000000000000011001110111
1111111111111111010010000
0000000000001000100101011
0000000000000100100111010
0000000000000000111001011
0000000000001010011011000
0000000000000110101010100
1111111111110110001001100
1111111111110011011000110
1111111111111101110101110
1111111111111010111110101
1111111111111000010101010
0000000000000010111001001
0000000000000000001000011
1111111111111101100101000
0000000000001000001110011
0000000000000101100010110
1111111111110110000100001
1111111111110100010011010
1111111111111111101101011
1111111111111101110001001
1111111111111100000000000
0000000000000111011001111
0000000000000101011100111
1111111111110110101010111
1111111111110101100100111
0000000000000001101000010
0000000000000000010011011
1111111111111111001000001
0000000000001011000110010
0000000000001001101100001
1111111111111011011011100
1111111111111010110101011
0000000000000111010111001
0000000000000110011111011
1111111111111000101111110
1111111111111000101001110
0000000000000101101010010
0000000000000101010000001
1111111111110111111101000
1111111111111000010010010
0000000000000101101101001
0000000000000101101100010
1111111111111000110001100
1111111111111001011101111
0000000000000111001111001
0000000000000111100011101
1111111111111010111101011
1111111111111011111101101
0000000000001010000001101
0000000000001010101000001
1111111111111110010011001
1111111111110010100011100
1111111111110100011000100
0000000000000011001111100
0000000000000100100111001
1111111111111001000001101
1111111111111010111111111
0000000000001001111111101
0000000000001011011111100
0000000000000000000001101
1111111111110101000110111
1111111111110111101110101
0000000000000111010110001
0000000000001001011100100
1111111111111110100011011
1111111111110100001100011
1111111111110111010110001
0000000000000111011110101
0000000000001010000100100
1111111111111111101001111
1111111111110101101111111
1111111111111001010101101
0000000000001001111000111
0000000000001100111000001
0000000000000010110101111
1111111111111001010011011
1111111111110000001111011
1111111111110100101001010
0000000000000101111110101
0000000000001001101110100
0000000000000000011010111
1111111111110111100101001
1111111111101111001100011
1111111111110100001111101
0000000000000110001101000
0000000000001010100011000
0000000000000001110100010
1111111111111001100001110
1111111111110001101010111
1111111111110111001110100
0000000000001001101010111
0000000000001110011110110
0000000000000110001100001
1111111111111110010100111
1111111111110110110111110
1111111111101111110100010
1111111111110110001001011
0000000000001001010101010
0000000000001110110110110
0000000000000111010000010
0000000000000000000011001
1111111111111001001110100
1111111111110010110001110
1111111111101100101100001
1111111111110011111100111
0000000000001000000010001
0000000000001110011010101
0000000000000111101001000
0000000000000001001110100
1111111111111011001010110
1111111111110101011100101
1111111111110000000011111
1111111111101010111111101
1111111111110011001111010
0000000000001000010000111
0000000000001111100011011
0000000000001001101001100
0000000000000100000100100
1111111111111110110100000
1111111111111001110111001
1111111111110101001101011
1111111111110000110110001
1111111111101100110000110
1111111111110101111100111
0000000000001011111000011
0000000000010100000010100
0000000000001110111101111
0000000000001010001011111
0000000000000101101100001
0000000000000001011101111
1111111111111101100000101
1111111111111001110100000
1111111111110110010111010
1111111111110011001010000
1111111111110000001011101
1111111111101101011011110
1111111111101010111001110
1111111111101000100101100
1111111111110011011110000
0000000000001011000010000
0000000000010100110000010
0000000000010001001011111
0000000000001101110110010
0000000000001010101111001
0000000000000111110110000
0000000000000101001010010
0000000000000010101011101
0000000000000000011001100
1111111111111110010011101
1111111111111100011001100
1111111111111010101010111
1111111111111001000111001
1111111111110111101110000
1111111111110110011111001
1111111111110101011010000
1111111111110100011110011
1111111111110011101011111
1111111111110011000010010
1111111111110010100001010
1111111111110010001000011
1111111111110001110111011
1111111111110001101101110
1111111111110001101011100
1111111111110001110000010
1111111111110001111011110
1111111111110010001101101
1111111111110010100101110
1111111111110011000011110
1111111111110011100111100
1111111111110100010000100
1111111111110100111110111
1111111111110101110010001
1111111111110110101010010
1111111111110111100110110
1111111111111000100111101
1111111111111001101100101
1111111111111010110101101
1111111111111100000010010
1111111111111101010010100
1111111111111110100110000
1111111111111111111100111
0000000000000001010110101
0000000000000010110011011
0000000000000100010010101
0000000000000101110100101
0000000000000111011001000
0000000000001000111111100
0000000000001010101000010
0000000000001100010010111
0000000000001101111111011
0000000000001111101101101
0000000000010001011101010
0000000000010011001110101
0000000000010101000001010
0000000000010110110101010
0000000000001011101010010
1111111111110100000001101
1111111111101010011011100
1111111111101110010100111
1111111111110010001011100
1111111111110101111111010
1111111111111001110000010
1111111111111101011110010
0000000000000001001001100
0000000000000100110001110
0000000000001000010111010
0000000000001011111010000
0000000000001111011001101
0000000000010010110110100
0000000000010110010000011
0000000000001100100111100
1111111111110110011101001
1111111111101110010001100
1111111111110011100001101
1111111111111000101011010
1111111111111101101110110
0000000000000010101011111
0000000000000111100010111
0000000000001100010011110
0000000000010000111110110
0000000000001000100011111
1111111111110011100100101
1111111111101100100001000
1111111111110010110110100
1111111111111001000010111
1111111111111111000110010
0000000000000101000000111
0000000000001010110010110
0000000000010000011100010
0000000000001000111101010
1111111111110100110111101
1111111111101110101011100
1111111111110101110110001
1111111111111100110101010
0000000000000011101001100
0000000000001010010010110
0000000000010000110001011
0000000000001010000101101
1111111111110110110000110
1111111111110001010011110
1111111111111001001011011
0000000000000000110101110
0000000000001000010011011
0000000000001111100100010
0000000000001001101000110
1111111111110111000010011
1111111111110010010001111
1111111111111010110100010
0000000000000011000111110
0000000000001011001100101
0000000000000110000011001
1111111111110100001101000
1111111111110000001010111
1111111111111001011010000
0000000000000010011000011
0000000000001011000110101
0000000000000110100100110
1111111111110101010100101
1111111111110001110111000
1111111111111011101001001
0000000000000101001001010
0000000000001110010111100
0000000000001010010100100
1111111111111001100001111
1111111111110110100000011
0000000000000000101101011
0000000000001010100111000
0000000000000111001101110
1111111111110111000011100
1111111111110100101000101
1111111111111111011011000
0000000000001001111000011
0000000000000111000001101
1111111111110111011000011
1111111111110101011101011
0000000000000000101110000
0000000000001011101000110
0000000000001001001101111
1111111111111001111111011
1111111111111000011110001
0000000000000100000111011
0000000000000010011001101
1111111111110011110110101
1111111111110010111111010
1111111111111111010001000
0000000000001011001010010
0000000000001001101011100
1111111111111011010110110
1111111111111010101100110
0000000000000111001011001
0000000000000110010000010
1111111111111000011110000
1111111111111000010101011
0000000000000101010011110
0000000000000100110111110
1111111111110111100011001
1111111111110111110110111
0000000000000101010000110
0000000000000101001111000
1111111111111000010011101
1111111111111000111111111
0000000000000110110000111
0000000000000111000101100
1111111111111010011111100
1111111111111011100000000
0000000000001001100100101
0000000000001010001011111
1111111111111101110111110
1111111111111111001001010
0000000000000000011110000
1111111111110100110110001
1111111111110110110010010
0000000000000101110000011
0000000000000111001110111
1111111111111011110000000
1111111111111101110100111
1111111111111111111010111
1111111111110101000010010
1111111111110111101011111
0000000000000111010101101
0000000000001001011110001
1111111111111110100111010
0000000000000001010010101
0000000000000011111101100
1111111111111001101000001
1111111111111100110011100
1111111111111111111101100
1111111111110110000110000
1111111111111001101110010
1111111111111101010100000
1111111111110011110111010
1111111111110111111001010
0000000000001000110111111
0000000000001100010001110
0000000000000010101001001
0000000000000110011111011
0000000000001010010010001
0000000000000001000001100
0000000000000101001110101
0000000000001001010111100
0000000000000000011100010
0000000000000100111101111
0000000000001001011010011
0000000000000000110010001
0000000000000101100101111
0000000000001010010011111
0000000000000001111100000
0000000000000110111111111
0000000000001011111101010
0000000000000011110100000
1111111111111100000101111
1111111111110100110001111
1111111111111010110111010
0000000000000000110100000
1111111111111001101000000
1111111111111111110100111
0000000000000101111000101
1111111111111110110011011
0000000000000101000110110
0000000000001011010000010
0000000000000100010000011
1111111111111101101000101
1111111111110111011000001
1111111111111110011110010
0000000000000101011001000
1111111111111111001000101
1111111111111001001110100
1111111111110011101010001
1111111111111011011010101
0000000000000010111110010
1111111111111101010101000
0000000000000101000000111
0000000000001100011111011
0000000000000110110001010
0000000000000001010111110
1111111111111100010010011
0000000000000100100000100
0000000000001100100000010
0000000000000111010001111
0000000000000010010110111
1111111111111101101110111
1111111111111001011001000
1111111111110101010100111
1111111111111110100001110
0000000000000111011110000
0000000000000011001001111
1111111111111111000111000
1111111111111011010100111
1111111111110111110011000
1111111111110100100000111
1111111111111110011101110
0000000000001000001000001
0000000000000100100000010
0000000000000001000111111
1111111111111101111110100
1111111111111011000011101
1111111111111000010110111
1111111111110101110111101
1111111111110011100101011
1111111111111110100000000
0000000000001001000101011
0000000000000110010110011
0000000000000011110100011
0000000000000001011111010
1111111111111111010110011
1111111111111101011001100
1111111111111011101000000
1111111111111010000001110
1111111111111000100110001
1111111111110111010101000
1111111111110110001101110
1111111111110101010000000
1111111111110100011011101
1111111111110011110000001
0000000000000000001101011
0000000000001100010001100
0000000000001010111101010
0000000000001001110010011
0000000000001000110000101
0000000000000111110111101
0000000000000111000111010
0000000000000110011110111
0000000000000101111110100
0000000000000101100101101
0000000000000101010100000
0000000000000101001001100
0000000000000101000101101
0000000000000101001000001
0000000000000101010001000
0000000000000101011111110
0000000000000101110100011
0000000000000110001110011
0000000000000110101101101
0000000000000111010001111
0000000000000111111011000
0000000000001000101000101
0000000000001001011010101
0000000000001010010000110
0000000000001011001011000
0000000000001100001001000
0000000000000000001010110
1111111111110100110001001
1111111111110110111011010
1111111111111001000110100
1111111111111011010011001
1111111111111101100000110
1111111111111111101111010
0000000000000001111110110
0000000000000100001110111
0000000000000110011111110
0000000000001000110001001
1111111111111110000010111
1111111111110011110110010
1111111111110111001010010
1111111111111010011100101
1111111111111101101101011
0000000000000000111100011
0000000000000100001001111
0000000000000111010101010
0000000000001010011111000
0000000000000000100110110
1111111111110111001110000
1111111111111011010011101
1111111111111111010101101
0000000000000011010011111
0000000000000111001110100
0000000000001011000101011
0000000000000001111000101
1111111111111001001001101
1111111111111101110111011
0000000000000010011111101
0000000000000111000010100
1111111111111110100000010
1111111111110110011010000
1111111111111011101111000
0000000000000000111101001
0000000000000110000100011
1111111111111110000101000
1111111111110110100000011
1111111111111100010101101
0000000000000010000010110
0000000000000111100111111
0000000000000000000100111
1111111111111000111011100
1111111111111111001011000
0000000000000101010001000
0000000000001011001101111
0000000000000100000001111
1111111111111101001110011
0000000000000011110010100
1111111111111101001100100
1111111111110110111101101
1111111111111110000101001
0000000000000101000001010
0000000000001011110010000
0000000000000101010111111
1111111111111111010100001
0000000000000110100110001
0000000000000000101011111
1111111111111011000111001
0000000000000010110111000
1111111111111101011001101
1111111111111000010000101
0000000000000000011011010
1111111111111011010111101
1111111111110110100111011
1111111111111111001001111
1111111111111010011101001
1111111111110110000011000
1111111111111110111010110
1111111111111010100010100
1111111111110110011100000
1111111111111111100110100
1111111111111011100000010
1111111111110111101011001
0000000000000001000110001
1111111111111101001111111
1111111111111001101001101
0000000000000011010011011
1111111111111111101010111
1111111111111100010010000
0000000000000110001000010
0000000000000010101011110
1111111111111111011110011
0000000000001001011111100
0000000000000110001101011
1111111111110110001001110
1111111111110011110101100
1111111111111110101101111
1111111111111100010001001
1111111111111010000001001
0000000000000100111101011
0000000000000010100100011
0000000000000000010111101
0000000000001011010111000
0000000000001001000000011
1111111111111001110110000
1111111111111000011000100
0000000000000100000101010
0000000000000010011010111
0000000000000000111010110
0000000000001100100101000
0000000000001010110111101
1111111111111100010100110
1111111111111011011101000
0000000000000111101110001
0000000000000110100110010
1111111111111000100111100
1111111111111000010010101
0000000000000101000101011
0000000000000100011101111
1111111111110110111110010
1111111111110111000111011
0000000000000100010110111
0000000000000100001011001
1111111111110111000110000
1111111111110111101000101
0000000000000101010000100
0000000000000101011100010
1111111111111000101101101
1111111111111001100101111
0000000000000111100010100
0000000000001000000001111
1111111111111011100110001
1111111111111100110000011
0000000000001010111110010
0000000000001011101110010
1111111111111111100010010
1111111111110011111011100
1111111111110101111000110
0000000000000100110111110
0000000000000110010111001
1111111111111010111000111
1111111111111100111110001
0000000000001100000100101
0000000000001101101010111
0000000000000010010011000
1111111111110111011110001
1111111111111010001011010
0000000000001001111000001
0000000000001100000011011
0000000000000001001111000
1111111111110110111100011
1111111111111010001010011
0000000000001010010110111
0000000000001101000000011
0000000000000010101001001
1111111111111000110010011
1111111111101111011011000
1111111111110011100010010
0000000000000100100101110
0000000000001000000100011
1111111111111110100000011
1111111111110101011010110
1111111111111001110011000
0000000000001011000110100
0000000000001110110100011
0000000000000101011110101
1111111111111100100110101
1111111111110100001011110
1111111111111001001100101
0000000000001011000111100
0000000000001111011011000
0000000000000110101001100
1111111111111110010100010
1111111111110110011010011
1111111111101110111011001
1111111111110100110101110
0000000000000111101000001
0000000000001100110001000
0000000000000100110010110
1111111111111101001110111
1111111111110110000100101
1111111111101111010011000
1111111111110101111001010
0000000000001001010101101
0000000000001111000110110
0000000000000111101111001
0000000000000000110000010
1111111111111010001001010
1111111111110011111001101
1111111111101110000000011
1111111111110101011101000
0000000000001001101101010
0000000000010000010000011
0000000000001001101000101
0000000000000011010111110
1111111111111101011100110
1111111111110111110111001
1111111111110010100110010
1111111111101101101001010
1111111111110101111111111
0000000000001011000111111
0000000000010010100000011
0000000000001100101011111
0000000000000111001100001
0000000000000010000000010
1111111111111101000111110
1111111111111000100001111
1111111111110100001110001
1111111111110000001011111
1111111111101100011010110
1111111111110101111010001
0000000000001100001000000
0000000000010100100011101
0000000000001111101111011
0000000000001011001101001
0000000000000110111100001
0000000000000010111100010
1111111111111111001100100
1111111111111011101100100
1111111111111000011011111
1111111111110101011001111
1111111111110010100110010
1111111111110000000000010
1111111111101101100111110
1111111111101011011100000
1111111111101001011100110
1111111111110100101001100
0000000000001100100000100
0000000000010110100001000
0000000000010011001101110
0000000000010000001000100
0000000000001101010000110
0000000000001010100110001
0000000000001000001000000
0000000000000101110110010
0000000000000011110000010
0000000000000001110101110
0000000000000000000110001
1111111111111110100001010
1111111111111101000110100
1111111111111011110101110
1111111111111010101110101
1111111111111001110000101
1111111111111000111011101
1111111111111000001111000
1111111111110111101010100
1111111111110111001110001
1111111111110110111001010
1111111111110110101011110
1111111111110110100101011
1111111111110110100101110
1111111111110110101100100
1111111111110110111001110
1111111111110111001100110
1111111111110111100101101
1111111111111000000100000
1111111111111000100111101
1111111111111001010000010
1111111111111001111101110
1111111111111010101111110
1111111111111011100110001
1111111111111100100000110
1111111111111101011111011
1111111111111110100001111
1111111111111111100111111
0000000000000000110001010
0000000000000001111110000
0000000000000011001101101
0000000000000100100000011
0000000000000101110101111
0000000000000111001110000
0000000000001000101000110
0000000000001010000101101
0000000000001011100100110
0000000000001101000101111
0000000000001110101001001
0000000000010000001101111
0000000000010001110100011
0000000000010011011100011
0000000000010101000101111
0000000000010110110000110
0000000000001011011100110
1111111111110011101011000
1111111111101001111100000
1111111111101101101100100
1111111111110001011010010
1111111111110101000101100
1111111111111000101101101
1111111111111100010011001
1111111111111111110101110
0000000000000011010101110
0000000000000110110010110
0000000000001010001101000
0000000000001101100100011
0000000000010000111001000
0000000000010100001010111
0000000000001010011001111
1111111111110100000111010
1111111111101011110011101
1111111111110000111011110
1111111111110101111101101
1111111111111010111001001
1111111111111111101110011
0000000000000100011101110
0000000000001001000111001
0000000000001101101010100
0000000000010010001000000
0000000000001001011111111
1111111111110100010011010
1111111111101101000010111
1111111111110011001011011
1111111111111001001011000
1111111111111111000001110
0000000000000100101111111
0000000000001010010101011
0000000000001111110010100
0000000000001000000111100
1111111111110011110101110
1111111111101101011101101
1111111111110100011100011
1111111111111011010000000
0000000000000001111000101
0000000000001000010110101
0000000000001110101010000
0000000000000111110011001
1111111111110100010011011
1111111111101110101011011
1111111111110110011000001
1111111111111101111000000
0000000000000101001010111
0000000000001100010001011
0000000000010011001011100
0000000000001100111001100
1111111111111001111101001
1111111111110100110110111
1111111111111101000100000
0000000000000101000010011
0000000000001100110010110
0000000000000111010101000
1111111111110101001011000
1111111111110000110101010
1111111111111001110001000
0000000000000010011100011
0000000000001010110111111
0000000000000110000011101
1111111111110100100001100
1111111111110000110010001
1111111111111010010010101
0000000000000011100001011
0000000000001100011110101
0000000000001000001011000
1111111111110111000111111
1111111111110011110110010
1111111111111101110011011
0000000000000111011101011
0000000000010000110100111
0000000000001100111010000
1111111111111100001110110
1111111111111001010011110
0000000000000011100110100
0000000000001101100101000
0000000000001010001111110
1111111111111010001000110
1111111111110111110000100
0000000000000010100100101
0000000000001101000011011
0000000000001010001101001
1111111111111010100011110
1111111111111000101000010
0000000000000011110111110
0000000000001110110000110
0000000000001100010011101
1111111111111101000010100
1111111111111011011101111
0000000000000111000011011
0000000000000101010001011
1111111111110110101001110
1111111111110101101101010
0000000000000001111001100
0000000000001101101100110
0000000000001100000111111
1111111111111101101100011
1111111111111100111011101
0000000000001001010010101
0000000000001000010000001
1111111111111010010110000
1111111111111010000101000
0000000000000110111011000
0000000000000110010110001
1111111111111000111000101
1111111111111001000011010
0000000000000110010011110
0000000000000110001000010
1111111111111001000011001
1111111111111001100101001
0000000000000111001100000
0000000000000111010110001
1111111111111010100101101
1111111111111011011011011
0000000000001001010101001
0000000000001001110001010
1111111111111101010010000
1111111111111110011000001
1111111111111111100001101
1111111111110011101110001
1111111111110101011110110
0000000000000100010001011
0000000000000101100100010
1111111111111001111001110
1111111111111011110010110
0000000000001010101100111
0000000000001100000110111
0000000000000000100010111
0000000000000010100010000
0000000000000100100001111
1111111111111001100010100
1111111111111100000101000
1111111111111110100111000
1111111111110100001000101
1111111111110111001011000
0000000000000111001011110
0000000000001001101001110
1111111111111111000111000
0000000000000010000101000
0000000000000101000001010
1111111111111010111011110
1111111111111110010101110
0000000000000001101101001
1111111111111000000001110
1111111111111011110100111
1111111111111111100100100
1111111111110110010000011
1111111111111010011010000
1111111111111110011111010
1111111111110101100000000
1111111111111001111101110
1111111111111110010110001
1111111111110101101001011
1111111111111010011000111
1111111111111111000010011
1111111111110110100101111
1111111111111011100101000
0000000000000000011101100
1111111111111000001111100
1111111111111101011100011
0000000000000010100001110
1111111111111010100000010
1111111111111111111000111
0000000000000101001001110
1111111111111101010011000
0000000000000010110110000
0000000000001000010000101
0000000000000000100011001
0000000000000110001111000
0000000000001011110001111
0000000000000100001100011
1111111111111100111111100
1111111111110110001011000
1111111111111100101101101
0000000000000011000101110
1111111111111100010011011
0000000000000010111000001
0000000000001001010010000
0000000000000010100001000
1111111111111100000110111
1111111111110110000010101
1111111111111101010100000
0000000000000100011000110
1111111111111110010001011
0000000000000101011111010
0000000000001100100000100
0000000000000110010101010
0000000000000000011111001
1111111111111010111101101
0000000000000010101111111
0000000000001010010100011
0000000000000100101011000
1111111111111111010101100
1111111111111010010011010
0000000000000010100011101
0000000000001010100100111
0000000000000101010111010
0000000000000000011100001
1111111111111011110011010
1111111111110111011100000
1111111111110011010101110
1111111111111100100000000
0000000000000101011001000
0000000000000001000001000
1111111111111100111001101
1111111111111001000010101
0000000000000010011011010
0000000000001011100010000
0000000000000111010110110
0000000000000011011011110
1111111111111111110000000
1111111111111100010011100
1111111111111001000101011
0000000000000011000101011
0000000000001100110001101
0000000000001001001010101
0000000000000101110010001
0000000000000010100111110
1111111111111111101010111
1111111111111100111011010
1111111111111010011000001
1111111111111000000001100
1111111111110101110110101
1111111111110011110111010
1111111111111111000011000
0000000000001001111000010
0000000000000111010111100
0000000000000101000010011
0000000000000010111000101
0000000000000000111001110
1111111111111111000101101
1111111111111101011011110
1111111111111011111011110
1111111111111010100101011
1111111111111001011000001
1111111111111000010011110
1111111111110111011000000
1111111111110110100100100
1111111111110101111001000
1111111111110101010101001
1111111111110100111000101
1111111111110100100011010
1111111111110100010100110
1111111111110100001100110
1111111111110100001011001
1111111111110100001111100
1111111111110100011001110
1111111111110100101001100
1111111111110100111110100
1111111111110101011000101
1111111111110101110111101
1111111111110110011011011
1111111111110111000011101
1111111111110111110000000
1111111111111000100000101
1111111111111001010101000
1111111111111010001101010
1111111111111011001001001
1111111111111100001000001
1111111111111101001010101
1111111111111110010000000
1111111111111111011000010
0000000000000000100011010
0000000000000001110000101
0000000000000011000000101
0000000000000100010010101
0000000000000101100111001
0000000000000110111101100
0000000000001000010101110
0000000000001001101111110
0000000000001011001011011
0000000000001100101000101
0000000000000001000111011
1111111111110110001000101
1111111111111000101011101
1111111111111011001101111
1111111111111101101111011
0000000000000000010000001
0000000000000010110000001
0000000000000101001111000
0000000000000111101101001
0000000000001010001010000
0000000000001100100110001
0000000000000010000001000
1111111111110111111100001
1111111111111011010110011
1111111111111110101101101
0000000000000010000001111
0000000000000101010011001
0000000000001000100001101
1111111111111110101101000
1111111111110101010110111
1111111111111001011110001
1111111111111101100000101
0000000000000001011110100
0000000000000101010111110
0000000000001001001100100
1111111111111111111100101
1111111111110111001001101
1111111111111011110010100
0000000000000000010101011
0000000000000100110010000
1111111111111100001000110
1111111111110011111010111
1111111111111001000111110
1111111111111110001101000
0000000000000011001010111
1111111111111011000001100
1111111111110011010010011
1111111111111000111100101
1111111111111110011110010
0000000000000011110111011
1111111111111100001000001
1111111111110100110001111
1111111111111010110100001
0000000000000000101100100
0000000000000110011011100
1111111111111111000001000
1111111111110111111110111
1111111111111110010100001
0000000000000100011110110
0000000000001010011111000
0000000000000011010101001
1111111111111100100010101
0000000000000011000110110
1111111111111100011111110
1111111111110110001110110
1111111111111101010011011
0000000000000100001011101
0000000000001010110111100
0000000000000100010111101
1111111111111110001101010
0000000000000101011000000
1111111111111111010101101
1111111111111001101000000
0000000000000001001110010
1111111111111011100110101
1111111111110110010010110
1111111111111110010001111
1111111111111001000010010
1111111111110100000101011
1111111111111100011010110
0000000000000100100000100
0000000000001100010110111
0000000000000110111110100
0000000000000001111000110
0000000000001010000101001
0000000000000101000001110
0000000000000000010000001
0000000000001000110000000
0000000000000011111111011
1111111111111111011111111
0000000000001000010001000
0000000000000011110000111
1111111111111111100001100
0000000000001000100010001
0000000000000100010001000
0000000000000000001111101
0000000000001001011101110
0000000000000101011001100
0000000000000001100100110
0000000000001010111110111
0000000000000111000110001
1111111111110110011100001
1111111111110011100001110
1111111111111101110100100
1111111111111010110010100
1111111111110111111101011
0000000000000010010101001
1111111111111111010111101
1111111111111100100111000
0000000000000111000010100
0000000000000100001000110
0000000000000001011011100
0000000000001011111010001
0000000000001001000011010
1111111111111001011000011
1111111111110111011010101
0000000000000010100111010
0000000000000000011100111
1111111111111110011101000
0000000000001001100111011
0000000000000111011010011
1111111111111000011000000
1111111111110111000001000
0000000000000010110010111
0000000000000001001100001
1111111111111111101110011
0000000000001011011001110
0000000000001001101100010
1111111111111011001000000
1111111111111010001101110
0000000000000110011011010
0000000000000101001110110
1111111111110111001010011
1111111111110110101111001
0000000000000011011010010
0000000000000010101010100
1111111111110101000001011
1111111111110101000000100
0000000000000010000101000
0000000000000001101101100
1111111111110100011100000
1111111111110100110001011
0000000000000010001011101
0000000000000010001000110
1111111111110101001011010
1111111111110101110011111
0000000000000011100000011
0000000000000011101111010
1111111111110111000010101
1111111111110111111011011
0000000000000101110111011
0000000000000110010100111
1111111111111001110110010
1111111111111010111100011
0000000000001001000100111
0000000000001001101110011
1111111111111101011011000
1111111111110001101100000
1111111111110011100000000
0000000000000010010101000
0000000000000011101001011
1111111111110111111111011
1111111111111001111000001
0000000000001000110001100
0000000000001010001001111
1111111111111110100011100
1111111111110011011111101
1111111111110101111101000
0000000000000101011001110
0000000000000111010100001
1111111111111100001110100
1111111111110001101001111
1111111111110100100101101
0000000000000100011111001
0000000000000110110101100
1111111111111100001010100
1111111111110001111111110
1111111111110101010100001
0000000000000101100101011
0000000000001000010010011
1111111111111101111101001
1111111111110100000111010
1111111111110111101111100
0000000000001000010100000
0000000000001011010011010
0000000000000001001111100
1111111111110111101010001
1111111111111011100010001
0000000000001100010101100
0000000000001111100010111
0000000000000101101100100
1111111111111100010011111
1111111111110011011000001
1111111111110111111000001
0000000000001001010010000
0000000000001101000100100
0000000000000011110010000
1111111111111010111011111
1111111111110010100001001
1111111111110111100001000
0000000000001001011001011
0000000000001101101001010
0000000000000100110010110
1111111111111100010111100
1111111111110100010110101
1111111111111001101111001
0000000000001011111111001
0000000000010000100101100
0000000000001000000100011
1111111111111111111101101
1111111111111000010000001
1111111111110000111011011
1111111111110110111110100
0000000000001001110111010
0000000000001111000101000
0000000000000111001001111
1111111111111111100111100
1111111111111000011101000
1111111111110001101001110
1111111111111000001101001
0000000000001011100100111
0000000000010001010000010
0000000000001001110001010
0000000000000010101001111
1111111111111011111001001
1111111111110101011110100
1111111111101111011001010
1111111111110110101000110
0000000000001010101011000
0000000000010000111111001
0000000000001010000111011
0000000000000011100101101
1111111111111101011001000
1111111111110111100001000
1111111111110001111100111
1111111111101100101100001
1111111111110100101110001
0000000000001001100000111
0000000000010000100011100
0000000000001010011000110
0000000000000100100001110
1111111111111110111110010
1111111111111001101101100
1111111111110100101111001
1111111111110000000010011
1111111111101011100110110
1111111111110100011011110
0000000000001001111111100
0000000000010001110001011
0000000000001100010011101
0000000000000111001000000
0000000000000010001110000
1111111111111101100101001
1111111111111001001100111
1111111111110101000100101
1111111111110001001011101
1111111111101101100001111
1111111111101010000110011
1111111111110011111001001
0000000000001010011000001
0000000000010011000010101
0000000000001110011011011
0000000000001010000011111
0000000000000101111011111
0000000000000010000010110
1111111111111110011000001
1111111111111010111011100
1111111111110111101100100
1111111111110100101010100
1111111111110001110101011
1111111111101111001100011
1111111111101100101111011
1111111111101010011101110
1111111111101000010111001
1111111111110011011011001
0000000000001011001000011
0000000000010100111101110
0000000000010001011110011
0000000000001110001011110
0000000000001011000101110
0000000000001000001011110
0000000000000101011101101
0000000000000010111010101
0000000000000000100010101
1111111111111110010101010
1111111111111100010010001
1111111111111010011001000
1111111111111000101001011
1111111111110111000010111
1111111111110101100101011
1111111111110100010000100
1111111111110011000100000
1111111111110001111111011
1111111111110001000010011
1111111111110000001100111
1111111111101111011110101
1111111111101110110111010
1111111111101110010110100
1111111111101101111100010
1111111111101101101000000
1111111111101101011001111
1111111111101101010001011
1111111111101101001110011
1111111111101101010000110
1111111111101101011000001
1111111111101101100100010
1111111111101101110101000
1111111111101110001010010
1111111111101110100011100
1111111111101111000001000
1111111111101111100010011
1111111111110000000111011
1111111111110000110000000
1111111111110001011011110
1111111111110010001011000
1111111111110010111101001
1111111111110011110010011
1111111111110100101010010
1111111111110101100100111
1111111111110110100010000
1111111111110111100001100
1111111111111000100011010
1111111111111001100110111
1111111111111010101100110
1111111111111011110100010
1111111111111100111101101
1111111111111110001000100
1111111111111111010101000
0000000000000000100010110
0000000000000001110010000
0000000000000011000010100
0000000000000100010100001
0000000000000101100110110
0000000000000110111010011
0000000000001000001110111
0000000000001001100100001
0000000000001010111010011
0000000000001100010001000
0000000000001101101000011
0000000000001111000000000
0000000000010000011000010
0000000000010001110000110
0000000000010011001001101
0000000000010100100010110
0000000000010101111011111
0000000000010111010101010
0000000000001011101110101
1111111111110011101001011
1111111111101001100101110
1111111111101101000000100
1111111111110000010111110
1111111111110011101011010
1111111111110110111011010
1111111111111010000111101
1111111111111101010000100
0000000000000000010101111
0000000000000011010111100
0000000000000110010101111
0000000000001001010000110
0000000000001100001000010
0000000000001110111100011
0000000000010001101101010
0000000000010100011010111
0000000000010111000101001
0000000000001100101100010
1111111111110101110001100
1111111111101100110101011
1111111111110001010100110
1111111111110101101101011
1111111111111001111111101
1111111111111110001011100
0000000000000010010001001
0000000000000110010000101
0000000000001010001010001
0000000000001101111101101
0000000000010001101011010
0000000000010101010011010
0000000000001011110101100
1111111111110101110011100
1111111111101101101101110
1111111111110011000001010
1111111111111000001100000
1111111111111101001110001
0000000000000010000111110
0000000000000110111001010
0000000000001011100010101
0000000000010000000100001
0000000000010100011101111
0000000000001011110000000
1111111111110110011100001
1111111111101111000010100
1111111111110101000000010
1111111111111010110011011
0000000000000000011100010
0000000000000101111010111
0000000000001011001111110
0000000000010000011010110
0000000000001000011100011
1111111111110011110110001
1111111111101101001000011
1111111111110011110000011
1111111111111010001100010
0000000000000000011100000
0000000000000110100000011
0000000000001100011001001
0000000000010010000110110
0000000000001010101001100
1111111111110110100010111
1111111111110000010011011
1111111111110111011000011
1111111111111110001111101
0000000000000100111001110
0000000000001011010111000
0000000000010001100111101
0000000000001010101011111
1111111111110111000101011
1111111111110001010100111
1111111111111000110111011
0000000000000000001011001
0000000000000111010000011
0000000000001110000111110
0000000000000111110001010
1111111111110100101110110
1111111111101111100000110
1111111111110111100100100
1111111111111111011000010
0000000000000110111100001
0000000000001110010000110
0000000000001000010110010
1111111111110101101110100
1111111111110000111010000
1111111111111001010110100
0000000000000001100001101
0000000000001001011100010
0000000000010001000110011
0000000000001011100000101
1111111111111001001100101
1111111111110100101011001
1111111111111101011001011
0000000000000101110101111
0000000000001110000000101
0000000000001000111010010
1111111111110111000100100
1111111111110011000000000
1111111111111100001010001
0000000000000101000001001
0000000000001101100101011
0000000000001000110111110
1111111111110111011001011
1111111111110011101011101
1111111111111101001011011
0000000000000110010111011
0000000000001111001111101
0000000000001010110101000
1111111111111001101001000
1111111111110110001100101
1111111111111111111101010
0000000000001001011001001
0000000000000101100000101
1111111111110100110101101
1111111111110001111001000
1111111111111100001000010
0000000000000110000001100
0000000000001111100101100
0000000000001011110100100
1111111111111011010000100
1111111111111000011010011
0000000000000010101111101
0000000000001100101110100
0000000000001001010111101
1111111111111001001100110
1111111111110110101110110
0000000000000001011011001
0000000000001011110000011
0000000000001000101110111
1111111111111000111000101
1111111111110110101110010
0000000000000001101101101
0000000000001100010100111
0000000000001001100100101
1111111111111001111111000
1111111111111000000100100
0000000000000011010011000
0000000000001110001000101
0000000000001011100110010
1111111111111100001101110
1111111111111010100000001
0000000000000101111010101
0000000000000011111100000
1111111111110101000101111
1111111111110011111001100
1111111111111111110100010
0000000000001011010100101
0000000000001001011011001
1111111111111010101010000
1111111111111001100010000
0000000000000101100000110
0000000000000100000100110
1111111111110101101111111
1111111111110101000011011
0000000000000001011100101
0000000000001101011010001
0000000000001011111100110
1111111111111101100110010
1111111111111100111000000
0000000000001001001111010
0000000000001000001010101
1111111111111010001100010
1111111111111001110101000
0000000000000110100010101
0000000000000101110011011
1111111111111000001001100
1111111111111000000110000
0000000000000101000110100
0000000000000100101001101
1111111111110111010001010
1111111111110111011110110
0000000000000100101111100
0000000000000100100010010
1111111111110111011001000
1111111111110111110100111
0000000000000101010011100
0000000000000101010011100
1111111111111000010111000
1111111111111000111111001
0000000000000110101001011
0000000000000110110100100
1111111111111010000010101
1111111111111010110100110
0000000000001000101000101
0000000000001000111100110
1111111111111100010011010
1111111111111101001101100
0000000000001011001001001
0000000000001011100100101
1111111111111111000010011
0000000000000000000011010
0000000000000001000101001
1111111111110101001000000
1111111111110110101100111
0000000000000101010001110
0000000000000110010101000
1111111111111010011001000
1111111111111011111110110
0000000000001010100100010
0000000000001011100111111
1111111111111111101100000
0000000000000001010001110
0000000000000010110111000
1111111111110111011011100
1111111111111001100000101
0000000000001000100100010
0000000000001010000101000
1111111111111110100101000
0000000000000000100101100
0000000000000010100100100
1111111111110111100001110
1111111111111001111110110
0000000000001001011001010
0000000000001011001111111
0000000000000000000100111
0000000000000010011001100
0000000000000100101011101
1111111111111001111011010
1111111111111100101001100
1111111111111111010100100
1111111111110100111100000
1111111111111000000001101
0000000000001000000011000
0000000000001010011111001
1111111111111111111000000
0000000000000010101111001
0000000000000101100010011
1111111111111011010001110
1111111111111110011110101
0000000000000001100110111
1111111111110111101010011
1111111111111011001010110
1111111111111110100101101
1111111111110100111011010
1111111111111000101101000
0000000000001001011000110
0000000000001100011101011
0000000000000010011101000
0000000000000101111001010
0000000000001001001111110
1111111111111111100001000
0000000000000011001110001
0000000000000110110101000
1111111111111101010110000
0000000000000001010010010
0000000000000101000111111
1111111111111011110110111
0000000000000000000000110
0000000000000100000011011
1111111111111010111110111
1111111111111111010100110
0000000000000011100010111
1111111111111010101001100
1111111111111111001001111
0000000000000011100010001
1111111111111010110010100
1111111111111111011100011
0000000000000011111101110
1111111111111011010110110
0000000000000000001000111
0000000000000100110010001
1111111111111100010010110
0000000000000001001100010
0000000000000101111100100
1111111111111101100011110
0000000000000010100011011
0000000000000111011001101
1111111111111111000110011
0000000000000100001011011
0000000000001001000110100
0000000000000000111000000
0000000000000110000001011
0000000000001011000000111
0000000000000010110110100
1111111111111011000011110
1111111111110011101000000
1111111111111001100010100
1111111111111111010001101
1111111111110111110101010
1111111111111101101111010
0000000000000011011101100
1111111111111100000000010
0000000000000001111001001
0000000000000111100110000
0000000000000000000111010
0000000000000101111110101
0000000000001011101010000
0000000000000100001001110
1111111111111100111111011
1111111111110110001010010
1111111111111100101001110
0000000000000010111100001
1111111111111100000001100
0000000000000010011011101
0000000000001000101000100
0000000000000001101000100
1111111111111010111101001
1111111111110100100110000
1111111111111011100010010
0000000000000010010000001
1111111111111011110000000
0000000000000010100011010
0000000000001001001000011
0000000000000010011111100
1111111111111100001010011
1111111111110110001000011
1111111111111101011000111
0000000000000100011010001
1111111111111110001100100
0000000000000101010001101
0000000000001100000111100
0000000000000101101110111
1111111111111111101001001
1111111111111001110101110
0000000000000001010100010
0000000000001000100010101
0000000000000010100001101
1111111111111100110010011
1111111111110111010100111
1111111111111111001000011
0000000000000110101011000
0000000000000000111101010
1111111111111011100000110
1111111111110110010101001
1111111111111110011001110
0000000000000110001101000
0000000000000000101111010
1111111111111011100010001
1111111111110110100101010
1111111111111110111000001
0000000000000110111000111
0000000000000001101000001
1111111111111100100111100
1111111111110111110110101
0000000000000000010100110
0000000000001000100000001
0000000000000011011001100
1111111111111110100010100
1111111111111001111010110
0000000000000010100001100
0000000000001010110101011
0000000000000101110110101
0000000000000001000111010
1111111111111100100110100
1111111111111000010100001
1111111111110100001111101
1111111111111101011000101
0000000000000110001101011
0000000000000001101110100
1111111111111101011101110
1111111111111001011010100
0000000000000010100100100
0000000000001011011001111
0000000000000110111011100
0000000000000010101010111
1111111111111110100111101
1111111111111010110001100
1111111111110111000111111
0000000000000000101010101
0000000000001001110111111
0000000000000101110000011
0000000000000001110101101
1111111111111110000111101
1111111111111010100101110
1111111111110111001111101
0000000000000001000101001
0000000000001010100100011
0000000000000110101110000
0000000000000011000011110
1111111111111111100101011
1111111111111100010010011
1111111111111001001010100
1111111111110110001101100
1111111111110011011010110
1111111111111101110010011
0000000000000111110010010
0000000000000100011011011
0000000000000001001111011
1111111111111110001110001
1111111111111011010111010
1111111111111000101010100
1111111111110110000111011
1111111111110011101101101
1111111111111110011101000
0000000000001000110011111
0000000000000101110010110
0000000000000010111011110
0000000000000000001110011
1111111111111101101010011
1111111111111011001111101
1111111111111000111101101
1111111111110110110100010
0000000000000001110011000
0000000000001100011000110
0000000000001001100101101
0000000000000110111100001
0000000000000100011011100
0000000000000010000011110
1111111111111111110100011
1111111111111101101101010
1111111111111011101110000
1111111111111001110110101
1111111111111000000110100
1111111111110110011101101
1111111111110100111011100
0000000000000000100000011
0000000000001011101010010
0000000000001001011010000
0000000000000111010001110
0000000000000101010001001
0000000000000011010111111
0000000000000001100101110
1111111111111111111010100
1111111111111110010110001
1111111111111100111000001
1111111111111011100000101
1111111111111010001111000
1111111111111001000011010
1111111111110111111101010
1111111111110110111100100
1111111111110110000001001
1111111111110101001010110
1111111111110100011001011
1111111111110011101100101
0000000000000000000100011
0000000000001011111111011
0000000000001010011110010
0000000000001001000011000
0000000000000111101101100
0000000000000110011101011
0000000000000101010010101
0000000000000100001101001
0000000000000011001100101
0000000000000010010001000
0000000000000001011001111
0000000000000000100111011
1111111111111111111001001
1111111111111111001111000
1111111111111110101001000
1111111111111110000110110
1111111111111101101000001
1111111111111101001101010
1111111111111100110101101
1111111111111100100001101
1111111111111100010000101
1111111111111100000010111
1111111111111011111000000
1111111111111011110000000
1111111111111011101010110
1111111111111011101000001
1111111111111011101000010
1111111111111011101010101
1111111111111011101111011
1111111111111011110110001
1111111111111011111111001
1111111111111100001010000
1111111111111100010111000
1111111111111100100101110
1111111111111100110110001
1111111111111101001000011
1111111111111101011100001
1111111111111101110001100
1111111111111110001000001
1111111111111110100000010
1111111111111110111001101
1111111111111111010100011
1111111111111111110000001
0000000000000000001101001
0000000000000000101011001
0000000000000001001010010
0000000000000001101010001
0000000000000010001010110
0000000000000010101100010
0000000000000011001110011
0000000000000011110001010
0000000000000100010100110
0000000000000100111000111
0000000000000101011101100
0000000000000110000010101
0000000000000110101000011
0000000000000111001110011
0000000000000111110100111
0000000000001000011011101
0000000000001001000010111
0000000000001001101010011
0000000000001010010010001
0000000000001010111001111
0000000000001011100001111
1111111111111111001010000
1111111111110011010011100
1111111111110100111101011
1111111111110110100101011
1111111111111000001011111
1111111111111001110000011
1111111111111011010011011
1111111111111100110100011
1111111111111110010011111
1111111111111111110001101
0000000000000001001101111
0000000000000010101000011
0000000000000100000001011
0000000000000101011000101
0000000000000110101110011
0000000000001000000010011
0000000000001001010101000
0000000000001010100101111
0000000000001011110101010
0000000000000000000011000
1111111111110100110000100
1111111111110110111100110
1111111111111001000101110
1111111111111011001011100
1111111111111101001110010
1111111111111111001101110
0000000000000001001010011
0000000000000011000011110
0000000000000100111010011
0000000000000110101110000
0000000000001000011110111
0000000000001010001101000
1111111111111110111000011
1111111111110100000010001
1111111111110110101001110
1111111111111001001100110
1111111111111011101011100
1111111111111110000101111
0000000000000000011100001
0000000000000010101110011
0000000000000100111100101
0000000000000111000110111
0000000000001001001101011
1111111111111110010000001
1111111111110011110000011
1111111111110110101101101
1111111111111001100101011
1111111111111100011000001

