0000000000000000000000000
0000000000000000001000001
0000000000000000010000011
0000000000000000011000100
0000000000000000100000110
0000000000000000101000111
0000000000000000110001001
0000000000000000111001010
0000000000000001000001100
0000000000000001001001101
0000000000000001010001111
0000000000000001011010000
0000000000000001100010010
0000000000000001101010011
0000000000000001110010101
0000000000000001111010111
0000000000000010000011000
0000000000000010001011010
0000000000000010010011011
0000000000000010011011101
0000000000000010100011110
0000000000000010101100000
0000000000000010110100001
0000000000000010111100011
0000000000000011000100100
0000000000000011001100110
0000000000000011010100111
0000000000000011011101001
0000000000000011100101011
0000000000000011101101100
0000000000000011110101110
0000000000000011111101111
0000000000000100000110001
0000000000000100001110010
0000000000000100010110100
0000000000000100011110101
0000000000000100100110111
0000000000000100101111000
0000000000000100110111010
0000000000000100111111011
0000000000000101000111101
0000000000000101001111110
0000000000000101011000000
0000000000000101100000010
0000000000000101101000011
0000000000000101110000101
0000000000000101111000110
0000000000000110000001000
0000000000000110001001001
0000000000000110010001011
0000000000000110011001100
0000000000000110100001110
0000000000000110101001111
0000000000000110110010001
0000000000000110111010010
0000000000000111000010100
0000000000000111001010110
0000000000000111010010111
0000000000000111011011001
0000000000000111100011010
0000000000000111101011100
0000000000000111110011101
0000000000000111111011111
0000000000001000000100000
0000000000001000001100010
0000000000001000010100011
0000000000001000011100101
0000000000001000100100110
0000000000001000101101000
0000000000001000110101001
0000000000001000111101011
0000000000001001000101101
0000000000001001001101110
0000000000001001010110000
0000000000001001011110001
0000000000001001100110011
0000000000001001101110100
0000000000001001110110110
0000000000001001111110111
0000000000001010000111001
0000000000001010001111010
0000000000001010010111100
0000000000001010011111101
0000000000001010100111111
0000000000001010110000001
0000000000001010111000010
0000000000001011000000100
0000000000001011001000101
0000000000001011010000111
0000000000001011011001000
0000000000001011100001010
0000000000001011101001011
0000000000001011110001101
0000000000001011111001110
0000000000001100000010000
0000000000001100001010001
0000000000001100010010011
0000000000001100011010100
0000000000001100100010110
0000000000001100101011000
0000000000001100110011001
0000000000001100111011011
0000000000001101000011100
0000000000001101001011110
0000000000001101010011111
0000000000001101011100001
0000000000001101100100010
0000000000001101101100100
0000000000001101110100101
0000000000001101111100111
0000000000001110000101000
0000000000001110001101010
0000000000001110010101100
0000000000001110011101101
0000000000001110100101111
0000000000001110101110000
0000000000001110110110010
0000000000001110111110011
0000000000001111000110101
0000000000001111001110110
0000000000001111010111000
0000000000001111011111001
0000000000001111100111011
0000000000001111101111100
0000000000001111110111110
0000000000010000000000000
0000000000010000001000001
0000000000010000010000011
0000000000010000011000100
0000000000010000100000110
0000000000010000101000111
0000000000010000110001001
0000000000010000111001010
0000000000010001000001100
0000000000010001001001101
0000000000010001010001111
0000000000010001011010000
0000000000010001100010010
0000000000010001101010011
0000000000010001110010101
0000000000010001111010111
0000000000010010000011000
0000000000010010001011010
0000000000010010010011011
0000000000010010011011101
0000000000010010100011110
0000000000010010101100000
0000000000010010110100001
0000000000010010111100011
0000000000010011000100100
0000000000010011001100110
0000000000010011010100111
0000000000010011011101001
0000000000010011100101011
0000000000010011101101100
0000000000010011110101110
0000000000010011111101111
0000000000010100000110001
0000000000010100001110010
0000000000010100010110100
0000000000010100011110101
0000000000010100100110111
0000000000010100101111000
0000000000010100110111010
0000000000010100111111011
0000000000010101000111101
0000000000010101001111110
0000000000010101011000000
0000000000010101100000010
0000000000010101101000011
0000000000010101110000101
0000000000010101111000110
0000000000010110000001000
0000000000010110001001001
0000000000010110010001011
0000000000010110011001100
0000000000010110100001110
0000000000010110101001111
0000000000010110110010001
0000000000010110111010010
0000000000010111000010100
0000000000010111001010110
0000000000010111010010111
0000000000010111011011001
0000000000010111100011010
0000000000010111101011100
0000000000010111110011101
0000000000010111111011111
0000000000011000000100000
0000000000011000001100010
0000000000011000010100011
0000000000011000011100101
0000000000011000100100110
0000000000011000101101000
0000000000011000110101001
0000000000011000111101011
0000000000011001000101101
0000000000011001001101110
0000000000011001010110000
0000000000011001011110001
0000000000011001100110011
0000000000011001101110100
0000000000011001110110110
0000000000011001111110111
0000000000011010000111001
0000000000011010001111010
0000000000011010010111100
0000000000011010011111101
0000000000011010100111111
0000000000011010110000001
0000000000011010111000010
0000000000011011000000100
0000000000011011001000101
0000000000011011010000111
0000000000011011011001000
0000000000011011100001010
0000000000011011101001011
0000000000011011110001101
0000000000011011111001110
0000000000011100000010000
0000000000011100001010001
0000000000011100010010011
0000000000011100011010100
0000000000011100100010110
0000000000011100101011000
0000000000011100110011001
0000000000011100111011011
0000000000011101000011100
0000000000011101001011110
0000000000011101010011111
0000000000011101011100001
0000000000011101100100010
0000000000011101101100100
0000000000011101110100101
0000000000011101111100111
0000000000011110000101000
0000000000011110001101010
0000000000011110010101100
0000000000011110011101101
0000000000011110100101111
0000000000011110101110000
0000000000011110110110010
0000000000011110111110011
0000000000011111000110101
0000000000011111001110110
0000000000011111010111000
0000000000011111011111001
0000000000011111100111011
0000000000011111101111100
0000000000011111110111110
0000000000100000000000000
0000000000100000001000001
0000000000100000010000011
0000000000100000011000100
0000000000100000100000110
0000000000100000101000111
0000000000100000110001001
0000000000100000111001010
0000000000100001000001100
0000000000100001001001101
0000000000100001010001111
0000000000100001011010000
0000000000100001100010010
0000000000100001101010011
0000000000100001110010101
0000000000100001111010111
0000000000100010000011000
0000000000100010001011010
0000000000100010010011011
0000000000100010011011101
0000000000100010100011110
0000000000100010101100000
0000000000100010110100001
0000000000100010111100011
0000000000100011000100100
0000000000100011001100110
0000000000100011010100111
0000000000100011011101001
0000000000100011100101011
0000000000100011101101100
0000000000100011110101110
0000000000100011111101111
0000000000100100000110001
0000000000100100001110010
0000000000100100010110100
0000000000100100011110101
0000000000100100100110111
0000000000100100101111000
0000000000100100110111010
0000000000100100111111011
0000000000100101000111101
0000000000100101001111110
0000000000100101011000000
0000000000100101100000010
0000000000100101101000011
0000000000100101110000101
0000000000100101111000110
0000000000100110000001000
0000000000100110001001001
0000000000100110010001011
0000000000100110011001100
0000000000100110100001110
0000000000100110101001111
0000000000100110110010001
0000000000100110111010010
0000000000100111000010100
0000000000100111001010110
0000000000100111010010111
0000000000100111011011001
0000000000100111100011010
0000000000100111101011100
0000000000100111110011101
0000000000100111111011111
0000000000101000000100000
0000000000101000001100010
0000000000101000010100011
0000000000101000011100101
0000000000101000100100110
0000000000101000101101000
0000000000101000110101001
0000000000101000111101011
0000000000101001000101101
0000000000101001001101110
0000000000101001010110000
0000000000101001011110001
0000000000101001100110011
0000000000101001101110100
0000000000101001110110110
0000000000101001111110111
0000000000101010000111001
0000000000101010001111010
0000000000101010010111100
0000000000101010011111101
0000000000101010100111111
0000000000101010110000001
0000000000101010111000010
0000000000101011000000100
0000000000101011001000101
0000000000101011010000111
0000000000101011011001000
0000000000101011100001010
0000000000101011101001011
0000000000101011110001101
0000000000101011111001110
0000000000101100000010000
0000000000101100001010001
0000000000101100010010011
0000000000101100011010100
0000000000101100100010110
0000000000101100101011000
0000000000101100110011001
0000000000101100111011011
0000000000101101000011100
0000000000101101001011110
0000000000101101010011111
0000000000101101011100001
0000000000101101100100010
0000000000101101101100100
0000000000101101110100101
0000000000101101111100111
0000000000101110000101000
0000000000101110001101010
0000000000101110010101100
0000000000101110011101101
0000000000101110100101111
0000000000101110101110000
0000000000101110110110010
0000000000101110111110011
0000000000101111000110101
0000000000101111001110110
0000000000101111010111000
0000000000101111011111001
0000000000101111100111011
0000000000101111101111100
0000000000101111110111110
0000000000110000000000000
0000000000110000001000001
0000000000110000010000011
0000000000110000011000100
0000000000110000100000110
0000000000110000101000111
0000000000110000110001001
0000000000110000111001010
0000000000110001000001100
0000000000110001001001101
0000000000110001010001111
0000000000110001011010000
0000000000110001100010010
0000000000110001101010011
0000000000110001110010101
0000000000110001111010111
0000000000110010000011000
0000000000110010001011010
0000000000110010010011011
0000000000110010011011101
0000000000110010100011110
0000000000110010101100000
0000000000110010110100001
0000000000110010111100011
0000000000110011000100100
0000000000110011001100110
0000000000110011010100111
0000000000110011011101001
0000000000110011100101011
0000000000110011101101100
0000000000110011110101110
0000000000110011111101111
0000000000110100000110001
0000000000110100001110010
0000000000110100010110100
0000000000110100011110101
0000000000110100100110111
0000000000110100101111000
0000000000110100110111010
0000000000110100111111011
0000000000110101000111101
0000000000110101001111110
0000000000110101011000000
0000000000110101100000010
0000000000110101101000011
0000000000110101110000101
0000000000110101111000110
0000000000110110000001000
0000000000110110001001001
0000000000110110010001011
0000000000110110011001100
0000000000110110100001110
0000000000110110101001111
0000000000110110110010001
0000000000110110111010010
0000000000110111000010100
0000000000110111001010110
0000000000110111010010111
0000000000110111011011001
0000000000110111100011010
0000000000110111101011100
0000000000110111110011101
0000000000110111111011111
0000000000111000000100000
0000000000111000001100010
0000000000111000010100011
0000000000111000011100101
0000000000111000100100110
0000000000111000101101000
0000000000111000110101001
0000000000111000111101011
0000000000111001000101101
0000000000111001001101110
0000000000111001010110000
0000000000111001011110001
0000000000111001100110011
0000000000111001101110100
0000000000111001110110110
0000000000111001111110111
0000000000111010000111001
0000000000111010001111010
0000000000111010010111100
0000000000111010011111101
0000000000111010100111111
0000000000111010110000001
0000000000111010111000010
0000000000111011000000100
0000000000111011001000101
0000000000111011010000111
0000000000111011011001000
0000000000111011100001010
0000000000111011101001011
0000000000111011110001101
0000000000111011111001110
0000000000111100000010000
0000000000111100001010001
0000000000111100010010011
0000000000111100011010100
0000000000111100100010110
0000000000111100101011000
0000000000111100110011001
0000000000111100111011011
0000000000111101000011100
0000000000111101001011110
0000000000111101010011111
0000000000111101011100001
0000000000111101100100010
0000000000111101101100100
0000000000111101110100101
0000000000111101111100111
0000000000111110000101000
0000000000111110001101010
0000000000111110010101100
0000000000111110011101101
0000000000111110100101111
0000000000111110101110000
0000000000111110110110010
0000000000111110111110011
0000000000111111000110101
0000000000111111001110110
0000000000111111010111000
0000000000111111011111001
0000000000111111100111011
0000000000111111101111100
0000000000111111110111110
0000000001000000000000000
0000000001000000001000001
0000000001000000010000011
0000000001000000011000100
0000000001000000100000110
0000000001000000101000111
0000000001000000110001001
0000000001000000111001010
0000000001000001000001100
0000000001000001001001101
0000000001000001010001111
0000000001000001011010000
0000000001000001100010010
0000000001000001101010011
0000000001000001110010101
0000000001000001111010111
0000000001000010000011000
0000000001000010001011010
0000000001000010010011011
0000000001000010011011101
0000000001000010100011110
0000000001000010101100000
0000000001000010110100001
0000000001000010111100011
0000000001000011000100100
0000000001000011001100110
0000000001000011010100111
0000000001000011011101001
0000000001000011100101011
0000000001000011101101100
0000000001000011110101110
0000000001000011111101111
0000000001000100000110001
0000000001000100001110010
0000000001000100010110100
0000000001000100011110101
0000000001000100100110111
0000000001000100101111000
0000000001000100110111010
0000000001000100111111011
0000000001000101000111101
0000000001000101001111110
0000000001000101011000000
0000000001000101100000010
0000000001000101101000011
0000000001000101110000101
0000000001000101111000110
0000000001000110000001000
0000000001000110001001001
0000000001000110010001011
0000000001000110011001100
0000000001000110100001110
0000000001000110101001111
0000000001000110110010001
0000000001000110111010010
0000000001000111000010100
0000000001000111001010110
0000000001000111010010111
0000000001000111011011001
0000000001000111100011010
0000000001000111101011100
0000000001000111110011101
0000000001000111111011111
0000000001001000000100000
0000000001001000001100010
0000000001001000010100011
0000000001001000011100101
0000000001001000100100110
0000000001001000101101000
0000000001001000110101001
0000000001001000111101011
0000000001001001000101101
0000000001001001001101110
0000000001001001010110000
0000000001001001011110001
0000000001001001100110011
0000000001001001101110100
0000000001001001110110110
0000000001001001111110111
0000000001001010000111001
0000000001001010001111010
0000000001001010010111100
0000000001001010011111101
0000000001001010100111111
0000000001001010110000001
0000000001001010111000010
0000000001001011000000100
0000000001001011001000101
0000000001001011010000111
0000000001001011011001000
0000000001001011100001010
0000000001001011101001011
0000000001001011110001101
0000000001001011111001110
0000000001001100000010000
0000000001001100001010001
0000000001001100010010011
0000000001001100011010100
0000000001001100100010110
0000000001001100101011000
0000000001001100110011001
0000000001001100111011011
0000000001001101000011100
0000000001001101001011110
0000000001001101010011111
0000000001001101011100001
0000000001001101100100010
0000000001001101101100100
0000000001001101110100101
0000000001001101111100111
0000000001001110000101000
0000000001001110001101010
0000000001001110010101100
0000000001001110011101101
0000000001001110100101111
0000000001001110101110000
0000000001001110110110010
0000000001001110111110011
0000000001001111000110101
0000000001001111001110110
0000000001001111010111000
0000000001001111011111001
0000000001001111100111011
0000000001001111101111100
0000000001001111110111110
0000000001010000000000000
0000000001010000001000001
0000000001010000010000011
0000000001010000011000100
0000000001010000100000110
0000000001010000101000111
0000000001010000110001001
0000000001010000111001010
0000000001010001000001100
0000000001010001001001101
0000000001010001010001111
0000000001010001011010000
0000000001010001100010010
0000000001010001101010011
0000000001010001110010101
0000000001010001111010111
0000000001010010000011000
0000000001010010001011010
0000000001010010010011011
0000000001010010011011101
0000000001010010100011110
0000000001010010101100000
0000000001010010110100001
0000000001010010111100011
0000000001010011000100100
0000000001010011001100110
0000000001010011010100111
0000000001010011011101001
0000000001010011100101011
0000000001010011101101100
0000000001010011110101110
0000000001010011111101111
0000000001010100000110001
0000000001010100001110010
0000000001010100010110100
0000000001010100011110101
0000000001010100100110111
0000000001010100101111000
0000000001010100110111010
0000000001010100111111011
0000000001010101000111101
0000000001010101001111110
0000000001010101011000000
0000000001010101100000010
0000000001010101101000011
0000000001010101110000101
0000000001010101111000110
0000000001010110000001000
0000000001010110001001001
0000000001010110010001011
0000000001010110011001100
0000000001010110100001110
0000000001010110101001111
0000000001010110110010001
0000000001010110111010010
0000000001010111000010100
0000000001010111001010110
0000000001010111010010111
0000000001010111011011001
0000000001010111100011010
0000000001010111101011100
0000000001010111110011101
0000000001010111111011111
0000000001011000000100000
0000000001011000001100010
0000000001011000010100011
0000000001011000011100101
0000000001011000100100110
0000000001011000101101000
0000000001011000110101001
0000000001011000111101011
0000000001011001000101101
0000000001011001001101110
0000000001011001010110000
0000000001011001011110001
0000000001011001100110011
0000000001011001101110100
0000000001011001110110110
0000000001011001111110111
0000000001011010000111001
0000000001011010001111010
0000000001011010010111100
0000000001011010011111101
0000000001011010100111111
0000000001011010110000001
0000000001011010111000010
0000000001011011000000100
0000000001011011001000101
0000000001011011010000111
0000000001011011011001000
0000000001011011100001010
0000000001011011101001011
0000000001011011110001101
0000000001011011111001110
0000000001011100000010000
0000000001011100001010001
0000000001011100010010011
0000000001011100011010100
0000000001011100100010110
0000000001011100101011000
0000000001011100110011001
0000000001011100111011011
0000000001011101000011100
0000000001011101001011110
0000000001011101010011111
0000000001011101011100001
0000000001011101100100010
0000000001011101101100100
0000000001011101110100101
0000000001011101111100111
0000000001011110000101000
0000000001011110001101010
0000000001011110010101100
0000000001011110011101101
0000000001011110100101111
0000000001011110101110000
0000000001011110110110010
0000000001011110111110011
0000000001011111000110101
0000000001011111001110110
0000000001011111010111000
0000000001011111011111001
0000000001011111100111011
0000000001011111101111100
0000000001011111110111110
0000000001100000000000000
0000000001100000001000001
0000000001100000010000011
0000000001100000011000100
0000000001100000100000110
0000000001100000101000111
0000000001100000110001001
0000000001100000111001010
0000000001100001000001100
0000000001100001001001101
0000000001100001010001111
0000000001100001011010000
0000000001100001100010010
0000000001100001101010011
0000000001100001110010101
0000000001100001111010111
0000000001100010000011000
0000000001100010001011010
0000000001100010010011011
0000000001100010011011101
0000000001100010100011110
0000000001100010101100000
0000000001100010110100001
0000000001100010111100011
0000000001100011000100100
0000000001100011001100110
0000000001100011010100111
0000000001100011011101001
0000000001100011100101011
0000000001100011101101100
0000000001100011110101110
0000000001100011111101111
0000000001100100000110001
0000000001100100001110010
0000000001100100010110100
0000000001100100011110101
0000000001100100100110111
0000000001100100101111000
0000000001100100110111010
0000000001100100111111011
0000000001100101000111101
0000000001100101001111110
0000000001100101011000000
0000000001100101100000010
0000000001100101101000011
0000000001100101110000101
0000000001100101111000110
0000000001100110000001000
0000000001100110001001001
0000000001100110010001011
0000000001100110011001100
0000000001100110100001110
0000000001100110101001111
0000000001100110110010001
0000000001100110111010010
0000000001100111000010100
0000000001100111001010110
0000000001100111010010111
0000000001100111011011001
0000000001100111100011010
0000000001100111101011100
0000000001100111110011101
0000000001100111111011111
0000000001101000000100000
0000000001101000001100010
0000000001101000010100011
0000000001101000011100101
0000000001101000100100110
0000000001101000101101000
0000000001101000110101001
0000000001101000111101011
0000000001101001000101101
0000000001101001001101110
0000000001101001010110000
0000000001101001011110001
0000000001101001100110011
0000000001101001101110100
0000000001101001110110110
0000000001101001111110111
0000000001101010000111001
0000000001101010001111010
0000000001101010010111100
0000000001101010011111101
0000000001101010100111111
0000000001101010110000001
0000000001101010111000010
0000000001101011000000100
0000000001101011001000101
0000000001101011010000111
0000000001101011011001000
0000000001101011100001010
0000000001101011101001011
0000000001101011110001101
0000000001101011111001110
0000000001101100000010000
0000000001101100001010001
0000000001101100010010011
0000000001101100011010100
0000000001101100100010110
0000000001101100101011000
0000000001101100110011001
0000000001101100111011011
0000000001101101000011100
0000000001101101001011110
0000000001101101010011111
0000000001101101011100001
0000000001101101100100010
0000000001101101101100100
0000000001101101110100101
0000000001101101111100111
0000000001101110000101000
0000000001101110001101010
0000000001101110010101100
0000000001101110011101101
0000000001101110100101111
0000000001101110101110000
0000000001101110110110010
0000000001101110111110011
0000000001101111000110101
0000000001101111001110110
0000000001101111010111000
0000000001101111011111001
0000000001101111100111011
0000000001101111101111100
0000000001101111110111110
0000000001110000000000000
0000000001110000001000001
0000000001110000010000011
0000000001110000011000100
0000000001110000100000110
0000000001110000101000111
0000000001110000110001001
0000000001110000111001010
0000000001110001000001100
0000000001110001001001101
0000000001110001010001111
0000000001110001011010000
0000000001110001100010010
0000000001110001101010011
0000000001110001110010101
0000000001110001111010111
0000000001110010000011000
0000000001110010001011010
0000000001110010010011011
0000000001110010011011101
0000000001110010100011110
0000000001110010101100000
0000000001110010110100001
0000000001110010111100011
0000000001110011000100100
0000000001110011001100110
0000000001110011010100111
0000000001110011011101001
0000000001110011100101011
0000000001110011101101100
0000000001110011110101110
0000000001110011111101111
0000000001110100000110001
0000000001110100001110010
0000000001110100010110100
0000000001110100011110101
0000000001110100100110111
0000000001110100101111000
0000000001110100110111010
0000000001110100111111011
0000000001110101000111101
0000000001110101001111110
0000000001110101011000000
0000000001110101100000010
0000000001110101101000011
0000000001110101110000101
0000000001110101111000110
0000000001110110000001000
0000000001110110001001001
0000000001110110010001011
0000000001110110011001100
0000000001110110100001110
0000000001110110101001111
0000000001110110110010001
0000000001110110111010010
0000000001110111000010100
0000000001110111001010110
0000000001110111010010111
0000000001110111011011001
0000000001110111100011010
0000000001110111101011100
0000000001110111110011101
0000000001110111111011111
0000000001111000000100000
0000000001111000001100010
0000000001111000010100011
0000000001111000011100101
0000000001111000100100110
0000000001111000101101000
0000000001111000110101001
0000000001111000111101011
0000000001111001000101101
0000000001111001001101110
0000000001111001010110000
0000000001111001011110001
0000000001111001100110011
0000000001111001101110100
0000000001111001110110110
0000000001111001111110111
0000000001111010000111001
0000000001111010001111010
0000000001111010010111100
0000000001111010011111101
0000000001111010100111111
0000000001111010110000001
0000000001111010111000010
0000000001111011000000100
0000000001111011001000101
0000000001111011010000111
0000000001111011011001000
0000000001111011100001010
0000000001111011101001011
0000000001111011110001101
0000000001111011111001110
0000000001111100000010000
0000000001111100001010001
0000000001111100010010011
0000000001111100011010100
0000000001111100100010110
0000000001111100101011000
0000000001111100110011001
0000000001111100111011011
0000000001111101000011100
0000000001111101001011110
0000000001111101010011111
0000000001111101011100001
0000000001111101100100010
0000000001111101101100100
0000000001111101110100101
0000000001111101111100111
0000000001111110000101000
0000000001111110001101010
0000000001111110010101100
0000000001111110011101101
0000000001111110100101111
0000000001111110101110000
0000000001111110110110010
0000000001111110111110011
0000000001111111000110101
0000000001111111001110110
0000000001111111010111000
0000000001111111011111001
0000000001111111100111011
0000000001111111101111100
0000000001111111110111110
0000000010000000000000000
